0.5024 0.4976 0.2482 0.2542 0.0247 0.4729
0.5043 0.4957 0.2606 0.2437 0.0285 0.4672
0.4864 0.5136 0.2417 0.2447 0.0263 0.4873
0.4919 0.5081 0.2408 0.2511 0.0274 0.4807
0.4999 0.5001 0.2476 0.2523 0.0252 0.4749
0.4972 0.5028 0.2513 0.2459 0.0239 0.4789
0.5 0.5 0.248 0.252 0.0249 0.4751
0.4931 0.5069 0.2483 0.2448 0.0243 0.4826
0.4971 0.5029 0.2453 0.2518 0.0267 0.4762
0.496 0.504 0.2436 0.2524 0.0226 0.4814
0.5038 0.4962 0.2469 0.2569 0.0254 0.4708
0.4966 0.5034 0.2424 0.2542 0.0244 0.479
0.502 0.498 0.259 0.243 0.0282 0.4698
0.5003 0.4997 0.2477 0.2526 0.0248 0.4749
0.5008 0.4992 0.2541 0.2467 0.0259 0.4733
0.5011 0.4989 0.2529 0.2482 0.0239 0.475
0.493 0.507 0.2438 0.2492 0.0247 0.4823
0.4982 0.5018 0.2484 0.2498 0.0233 0.4785
0.5014 0.4986 0.2525 0.2489 0.0245 0.4741
0.4967 0.5033 0.2524 0.2443 0.0248 0.4785
0.4987 0.5013 0.2472 0.2515 0.0247 0.4766
0.492 0.508 0.2475 0.2445 0.0258 0.4822
0.5006 0.4994 0.2504 0.2502 0.0271 0.4723
0.5091 0.4909 0.262 0.2471 0.0246 0.4663
0.5048 0.4952 0.2504 0.2544 0.0214 0.4738
0.5086 0.4914 0.2557 0.2529 0.026 0.4654
0.5084 0.4916 0.2602 0.2482 0.0244 0.4672
0.5029 0.4971 0.2523 0.2506 0.0257 0.4714
0.5041 0.4959 0.2548 0.2493 0.025 0.4709
0.5009 0.4991 0.2545 0.2464 0.027 0.4721
0.5008 0.4992 0.2488 0.252 0.0243 0.4749
0.5015 0.4985 0.2438 0.2577 0.0226 0.4759
0.4995 0.5005 0.2387 0.2608 0.0241 0.4764
0.4968 0.5032 0.2466 0.2502 0.0224 0.4808
0.4984 0.5016 0.247 0.2514 0.0251 0.4765
0.4981 0.5019 0.2495 0.2486 0.0244 0.4775
0.4947 0.5053 0.2423 0.2524 0.0256 0.4797
0.4972 0.5028 0.2495 0.2477 0.0244 0.4784
0.4945 0.5055 0.2471 0.2474 0.0254 0.4801
0.492 0.508 0.2431 0.2489 0.0249 0.4831
0.5008 0.4992 0.2569 0.2439 0.0285 0.4707
0.4964 0.5036 0.2519 0.2445 0.0278 0.4758
0.4938 0.5062 0.2406 0.2532 0.0237 0.4825
0.5024 0.4976 0.2492 0.2532 0.0226 0.475
0.5001 0.4999 0.2457 0.2544 0.0236 0.4763
0.5028 0.4972 0.251 0.2518 0.022 0.4752
0.4973 0.5027 0.2429 0.2544 0.0277 0.475
0.4971 0.5029 0.2459 0.2512 0.0239 0.479
0.4962 0.5038 0.2485 0.2477 0.0279 0.4759
0.5059 0.4941 0.2583 0.2476 0.0219 0.4722
0.4983 0.5017 0.2478 0.2505 0.025 0.4767
0.506 0.494 0.2511 0.2549 0.0245 0.4695
0.5045 0.4955 0.2525 0.252 0.0236 0.4719
0.4921 0.5079 0.244 0.2481 0.0243 0.4836
0.5136 0.4864 0.2557 0.2579 0.0231 0.4633
0.4924 0.5076 0.2422 0.2502 0.0261 0.4815
0.4999 0.5001 0.2498 0.2501 0.0264 0.4737
0.5033 0.4967 0.2599 0.2434 0.0231 0.4736
0.4995 0.5005 0.2511 0.2484 0.0257 0.4748
0.504 0.496 0.2513 0.2527 0.0247 0.4713
0.4946 0.5054 0.2484 0.2462 0.0271 0.4783
0.5001 0.4999 0.2478 0.2523 0.0247 0.4752
0.5004 0.4996 0.2546 0.2458 0.0278 0.4718
0.4956 0.5044 0.2448 0.2508 0.0242 0.4802
0.5034 0.4966 0.2515 0.2519 0.0278 0.4688
0.4948 0.5052 0.2496 0.2452 0.0255 0.4797
0.5073 0.4927 0.2566 0.2507 0.0218 0.4709
0.5022 0.4978 0.2513 0.2509 0.0253 0.4725
0.4918 0.5082 0.2506 0.2412 0.0245 0.4837
0.4992 0.5008 0.2484 0.2508 0.0266 0.4742
0.4992 0.5008 0.2502 0.249 0.025 0.4758
0.4985 0.5015 0.2427 0.2558 0.026 0.4755
0.4968 0.5032 0.2444 0.2524 0.0245 0.4787
0.5027 0.4973 0.2566 0.2461 0.0229 0.4744
0.4986 0.5014 0.2495 0.2491 0.0294 0.472
0.4908 0.5092 0.2421 0.2487 0.0247 0.4845
0.4944 0.5056 0.2433 0.2511 0.0244 0.4812
0.5052 0.4948 0.2498 0.2554 0.0235 0.4713
0.4979 0.5021 0.2528 0.2451 0.0282 0.4739
0.5015 0.4985 0.2495 0.252 0.0276 0.4709
0.4958 0.5042 0.2456 0.2502 0.0269 0.4773
0.5035 0.4965 0.254 0.2495 0.0266 0.4699
0.5016 0.4984 0.2497 0.2519 0.025 0.4734
0.4994 0.5006 0.251 0.2484 0.0258 0.4748
0.5001 0.4999 0.25 0.2501 0.0256 0.4743
0.4909 0.5091 0.2417 0.2492 0.025 0.4841
0.4952 0.5048 0.2455 0.2497 0.0243 0.4805
0.505 0.495 0.2408 0.2642 0.0225 0.4725
0.4951 0.5049 0.2484 0.2467 0.0242 0.4807
0.4977 0.5023 0.251 0.2467 0.0259 0.4764
0.4972 0.5028 0.2518 0.2454 0.0221 0.4807
0.5114 0.4886 0.2487 0.2627 0.0221 0.4665
0.4949 0.5051 0.2471 0.2478 0.025 0.4801
0.5015 0.4985 0.254 0.2475 0.0256 0.4729
0.4932 0.5068 0.2414 0.2518 0.0251 0.4817
0.4924 0.5076 0.2509 0.2415 0.0253 0.4823
0.5027 0.4973 0.2484 0.2543 0.0264 0.4709
0.5006 0.4994 0.2502 0.2504 0.025 0.4744
0.5005 0.4995 0.2441 0.2564 0.0234 0.4761
0.5059 0.4941 0.2525 0.2534 0.0214 0.4727
0.4956 0.5044 0.2441 0.2515 0.0263 0.4781
0.5001 0.4999 0.2493 0.2508 0.025 0.4749
0.506 0.494 0.2558 0.2502 0.0237 0.4703
0.5046 0.4954 0.2484 0.2562 0.0255 0.4699
0.4986 0.5014 0.2481 0.2505 0.0243 0.4771
0.5035 0.4965 0.2606 0.2429 0.0252 0.4713
0.5091 0.4909 0.2548 0.2543 0.0269 0.464
0.4999 0.5001 0.2472 0.2527 0.0261 0.474
0.4997 0.5003 0.2498 0.2499 0.0257 0.4746
0.4978 0.5022 0.2484 0.2494 0.0231 0.4791
0.5076 0.4924 0.257 0.2506 0.0262 0.4662
0.4999 0.5001 0.2518 0.2481 0.027 0.4731
0.494 0.506 0.2485 0.2455 0.0263 0.4797
0.4968 0.5032 0.2479 0.2489 0.0265 0.4767
0.4978 0.5022 0.2487 0.2491 0.0236 0.4786
0.4999 0.5001 0.2477 0.2522 0.0213 0.4788
0.4983 0.5017 0.2465 0.2518 0.0227 0.479
0.4932 0.5068 0.2439 0.2493 0.0227 0.4841
0.5046 0.4954 0.2533 0.2513 0.0257 0.4697
0.5 0.5 0.2468 0.2532 0.0273 0.4727
0.4974 0.5026 0.2448 0.2526 0.0252 0.4774
0.5047 0.4953 0.2493 0.2554 0.0221 0.4732
0.4914 0.5086 0.2418 0.2496 0.022 0.4866
0.4959 0.5041 0.2454 0.2505 0.0238 0.4803
0.4953 0.5047 0.2533 0.242 0.029 0.4757
0.5003 0.4997 0.254 0.2463 0.0275 0.4722
0.4987 0.5013 0.2471 0.2516 0.0276 0.4737
0.4969 0.5031 0.2506 0.2463 0.0248 0.4783
0.5062 0.4938 0.2494 0.2568 0.0246 0.4692
0.4984 0.5016 0.2518 0.2466 0.0273 0.4743
0.4968 0.5032 0.2479 0.2489 0.0235 0.4797
0.4989 0.5011 0.2512 0.2477 0.0236 0.4775
0.4991 0.5009 0.2556 0.2435 0.026 0.4749
0.494 0.506 0.2444 0.2496 0.0254 0.4806
0.5068 0.4932 0.2569 0.2499 0.0243 0.4689
0.504 0.496 0.2536 0.2504 0.0248 0.4712
0.5023 0.4977 0.2497 0.2526 0.0223 0.4754
0.5039 0.4961 0.2564 0.2475 0.0201 0.476
0.4992 0.5008 0.2522 0.247 0.0234 0.4774
0.5093 0.4907 0.2537 0.2556 0.025 0.4657
0.5036 0.4964 0.2487 0.2549 0.0272 0.4692
0.4995 0.5005 0.2498 0.2497 0.0262 0.4743
0.5057 0.4943 0.253 0.2527 0.0235 0.4708
0.5091 0.4909 0.2615 0.2476 0.0235 0.4674
0.4998 0.5002 0.2465 0.2533 0.0239 0.4763
0.4948 0.5052 0.2529 0.2419 0.0232 0.482
0.4978 0.5022 0.247 0.2508 0.0238 0.4784
0.5014 0.4986 0.2536 0.2478 0.0236 0.475
0.5023 0.4977 0.2483 0.254 0.0233 0.4744
0.4997 0.5003 0.2468 0.2529 0.0268 0.4735
0.5051 0.4949 0.2522 0.2529 0.0277 0.4672
0.4925 0.5075 0.2476 0.2449 0.0256 0.4819
0.498 0.502 0.2548 0.2432 0.024 0.478
0.5002 0.4998 0.2479 0.2523 0.0248 0.475
0.4995 0.5005 0.2523 0.2472 0.0237 0.4768
0.4976 0.5024 0.2526 0.245 0.0227 0.4797
0.4962 0.5038 0.2508 0.2454 0.0245 0.4793
0.4962 0.5038 0.251 0.2452 0.0237 0.4801
0.4964 0.5036 0.2476 0.2488 0.0221 0.4815
0.4986 0.5014 0.2501 0.2485 0.0269 0.4745
0.5036 0.4964 0.2479 0.2557 0.0267 0.4697
0.4991 0.5009 0.2519 0.2472 0.0235 0.4774
0.5004 0.4996 0.2493 0.2511 0.0256 0.474
0.4975 0.5025 0.2457 0.2518 0.0251 0.4774
0.5018 0.4982 0.2484 0.2534 0.0233 0.4749
0.5051 0.4949 0.2529 0.2522 0.0243 0.4706
0.5055 0.4945 0.2499 0.2556 0.0227 0.4718
0.511 0.489 0.2538 0.2572 0.0218 0.4672
0.5058 0.4942 0.2538 0.252 0.0224 0.4718
0.5076 0.4924 0.2489 0.2587 0.0242 0.4682
0.5006 0.4994 0.251 0.2496 0.0236 0.4758
0.4993 0.5007 0.2552 0.2441 0.0231 0.4776
0.5006 0.4994 0.2554 0.2452 0.0231 0.4763
0.5012 0.4988 0.2498 0.2514 0.0266 0.4722
0.5003 0.4997 0.2466 0.2537 0.0244 0.4753
0.5063 0.4937 0.254 0.2523 0.0239 0.4698
0.4936 0.5064 0.2505 0.2431 0.0236 0.4828
0.4989 0.5011 0.2388 0.2601 0.024 0.4771
0.5044 0.4956 0.2539 0.2505 0.0259 0.4697
0.4978 0.5022 0.2527 0.2451 0.0232 0.479
0.5048 0.4952 0.2577 0.2471 0.0235 0.4717
0.5076 0.4924 0.2551 0.2525 0.0226 0.4698
0.4978 0.5022 0.2465 0.2513 0.0255 0.4767
0.4997 0.5003 0.2472 0.2525 0.0241 0.4762
0.5044 0.4956 0.2539 0.2505 0.0264 0.4692
0.5003 0.4997 0.2515 0.2488 0.0232 0.4765
0.5071 0.4929 0.2545 0.2526 0.0235 0.4694
0.4945 0.5055 0.2456 0.2489 0.0269 0.4786
0.4987 0.5013 0.2482 0.2505 0.0274 0.4739
0.5054 0.4946 0.2568 0.2486 0.0247 0.4699
0.5024 0.4976 0.262 0.2404 0.0224 0.4752
0.4994 0.5006 0.2499 0.2495 0.0248 0.4758
0.503 0.497 0.2497 0.2533 0.0242 0.4728
0.5095 0.4905 0.2574 0.2521 0.0247 0.4658
0.5069 0.4931 0.2545 0.2524 0.025 0.4681
0.4982 0.5018 0.2547 0.2435 0.0246 0.4772
0.5013 0.4987 0.2422 0.2591 0.0245 0.4742
0.4983 0.5017 0.2528 0.2455 0.0228 0.4789
0.503 0.497 0.2568 0.2462 0.0262 0.4708
0.5054 0.4946 0.2558 0.2496 0.0266 0.468
0.4963 0.5037 0.2486 0.2477 0.0252 0.4785
0.4909 0.5091 0.2414 0.2495 0.0241 0.485
0.5045 0.4955 0.2605 0.244 0.0277 0.4678
0.5105 0.4895 0.2556 0.2549 0.0238 0.4657
0.5018 0.4982 0.2452 0.2566 0.0242 0.474
0.4988 0.5012 0.2478 0.251 0.0233 0.4779
0.4984 0.5016 0.2508 0.2476 0.024 0.4776
0.5084 0.4916 0.2561 0.2523 0.0268 0.4648
0.4972 0.5028 0.2478 0.2494 0.0242 0.4786
0.5121 0.4879 0.2522 0.2599 0.0257 0.4622
0.5009 0.4991 0.25 0.2509 0.0265 0.4726
0.4919 0.5081 0.2446 0.2473 0.0257 0.4824
0.51 0.49 0.2488 0.2612 0.0242 0.4658
0.5015 0.4985 0.2517 0.2498 0.0226 0.4759
0.5054 0.4946 0.2507 0.2547 0.0253 0.4693
0.498 0.502 0.2452 0.2528 0.0214 0.4806
0.4971 0.5029 0.248 0.2491 0.0228 0.4801
0.4977 0.5023 0.2527 0.245 0.0253 0.477
0.5006 0.4994 0.2522 0.2484 0.0219 0.4775
0.5014 0.4986 0.2512 0.2502 0.0235 0.4751
0.5021 0.4979 0.2517 0.2504 0.0283 0.4696
0.4998 0.5002 0.249 0.2508 0.0259 0.4743
0.4927 0.5073 0.2472 0.2455 0.0286 0.4787
0.5011 0.4989 0.2535 0.2476 0.0261 0.4728
0.497 0.503 0.2545 0.2425 0.0258 0.4772
0.5019 0.4981 0.2559 0.246 0.0256 0.4725
0.4999 0.5001 0.2502 0.2497 0.0256 0.4745
0.5007 0.4993 0.2448 0.2559 0.026 0.4733
0.4916 0.5084 0.2398 0.2518 0.0306 0.4778
0.5028 0.4972 0.2474 0.2554 0.0257 0.4715
0.5003 0.4997 0.2487 0.2516 0.0244 0.4753
0.501 0.499 0.2521 0.2489 0.0222 0.4768
0.5016 0.4984 0.2471 0.2545 0.025 0.4734
0.4959 0.5041 0.2484 0.2475 0.0261 0.478
0.5034 0.4966 0.2436 0.2598 0.0265 0.4701
0.5058 0.4942 0.2497 0.2561 0.0273 0.4669
0.4938 0.5062 0.2468 0.247 0.0251 0.4811
0.5011 0.4989 0.2448 0.2563 0.0254 0.4735
0.502 0.498 0.2509 0.2511 0.0218 0.4762
0.4942 0.5058 0.2484 0.2458 0.0278 0.478
0.4924 0.5076 0.2521 0.2403 0.0226 0.485
0.4981 0.5019 0.2484 0.2497 0.0256 0.4763
0.5028 0.4972 0.2503 0.2525 0.0224 0.4748
0.497 0.503 0.2443 0.2527 0.0247 0.4783
0.5019 0.4981 0.2545 0.2474 0.0247 0.4734
0.5021 0.4979 0.2575 0.2446 0.025 0.4729
0.5 0.5 0.2494 0.2506 0.0238 0.4762
0.5055 0.4945 0.2504 0.2551 0.0241 0.4704
0.5072 0.4928 0.2545 0.2527 0.0262 0.4666
0.5017 0.4983 0.2559 0.2458 0.0226 0.4757
0.5053 0.4947 0.2559 0.2494 0.0224 0.4723
0.4948 0.5052 0.2536 0.2412 0.0257 0.4795
0.5052 0.4948 0.2495 0.2557 0.0232 0.4716
0.4977 0.5023 0.2536 0.2441 0.026 0.4763
0.4992 0.5008 0.2503 0.2489 0.0222 0.4786
0.507 0.493 0.2525 0.2545 0.0233 0.4697
0.5023 0.4977 0.254 0.2483 0.0252 0.4725
0.5032 0.4968 0.255 0.2482 0.0229 0.4739
0.4992 0.5008 0.2586 0.2406 0.0244 0.4764
0.5003 0.4997 0.2572 0.2431 0.0274 0.4723
0.4976 0.5024 0.25 0.2476 0.0254 0.477
0.4879 0.5121 0.2459 0.242 0.0261 0.486
0.4966 0.5034 0.2493 0.2473 0.0244 0.479
0.5004 0.4996 0.2493 0.2511 0.0244 0.4752
0.5042 0.4958 0.2512 0.253 0.0248 0.471
0.4993 0.5007 0.2528 0.2465 0.0246 0.4761
0.5025 0.4975 0.2532 0.2493 0.0214 0.4761
0.4989 0.5011 0.2516 0.2473 0.0247 0.4764
0.5006 0.4994 0.2476 0.253 0.0251 0.4743
0.4949 0.5051 0.2469 0.248 0.0271 0.478
0.4989 0.5011 0.2551 0.2438 0.0253 0.4758
0.4963 0.5037 0.2445 0.2518 0.0249 0.4788
0.4974 0.5026 0.2542 0.2432 0.0236 0.479
0.4974 0.5026 0.2499 0.2475 0.0262 0.4764
0.4999 0.5001 0.245 0.2549 0.0238 0.4763
0.4979 0.5021 0.2512 0.2467 0.028 0.4741
0.4956 0.5044 0.2426 0.253 0.0244 0.48
0.4924 0.5076 0.2418 0.2506 0.0264 0.4812
0.4987 0.5013 0.2503 0.2484 0.0243 0.477
0.5082 0.4918 0.254 0.2542 0.022 0.4698
0.4996 0.5004 0.2544 0.2452 0.0245 0.4759
0.4972 0.5028 0.2489 0.2483 0.0252 0.4776
0.5007 0.4993 0.2553 0.2454 0.0256 0.4737
0.4946 0.5054 0.2406 0.254 0.0259 0.4795
0.5033 0.4967 0.2578 0.2455 0.0243 0.4724
0.4943 0.5057 0.2464 0.2479 0.0255 0.4802
0.5025 0.4975 0.2493 0.2532 0.0249 0.4726
0.5056 0.4944 0.2564 0.2492 0.025 0.4694
0.5074 0.4926 0.251 0.2564 0.0266 0.466
0.5092 0.4908 0.2557 0.2535 0.0255 0.4653
0.4994 0.5006 0.2536 0.2458 0.0234 0.4772
0.5058 0.4942 0.2526 0.2532 0.0225 0.4717
0.4965 0.5035 0.2522 0.2443 0.0274 0.4761
0.5017 0.4983 0.2562 0.2455 0.0288 0.4695
0.4957 0.5043 0.2509 0.2448 0.0265 0.4778
0.4936 0.5064 0.2435 0.2501 0.0254 0.481
0.5168 0.4832 0.2562 0.2606 0.0231 0.4601
0.4996 0.5004 0.2544 0.2452 0.0227 0.4777
0.5012 0.4988 0.2448 0.2564 0.0242 0.4746
0.5062 0.4938 0.2469 0.2593 0.0265 0.4673
0.5012 0.4988 0.2502 0.251 0.0224 0.4764
0.4968 0.5032 0.2519 0.2449 0.0232 0.48
0.5049 0.4951 0.2514 0.2535 0.027 0.4681
0.5014 0.4986 0.2543 0.2471 0.0218 0.4768
0.4981 0.5019 0.2491 0.249 0.026 0.4759
0.4991 0.5009 0.2521 0.247 0.0265 0.4744
0.4964 0.5036 0.2521 0.2443 0.0258 0.4778
0.4966 0.5034 0.2515 0.2451 0.0233 0.4801
0.5029 0.4971 0.2558 0.2471 0.0224 0.4747
0.5026 0.4974 0.2551 0.2475 0.0245 0.4729
0.5068 0.4932 0.2612 0.2456 0.0267 0.4665
0.4952 0.5048 0.2488 0.2464 0.0234 0.4814
0.4979 0.5021 0.2504 0.2475 0.0243 0.4778
0.493 0.507 0.2438 0.2492 0.0252 0.4818
0.5013 0.4987 0.2472 0.2541 0.0235 0.4752
0.4998 0.5002 0.2518 0.248 0.0263 0.4739
0.4953 0.5047 0.2461 0.2492 0.0252 0.4795
0.5082 0.4918 0.2562 0.252 0.0252 0.4666
0.5017 0.4983 0.2545 0.2472 0.0264 0.4719
0.5028 0.4972 0.2456 0.2572 0.0251 0.4721
0.5032 0.4968 0.2538 0.2494 0.0258 0.471
0.4993 0.5007 0.2527 0.2466 0.0246 0.4761
0.504 0.496 0.2553 0.2487 0.0227 0.4733
0.5026 0.4974 0.2475 0.2551 0.0249 0.4725
0.4995 0.5005 0.2499 0.2496 0.0228 0.4777
0.5089 0.4911 0.2509 0.258 0.0227 0.4684
0.4967 0.5033 0.246 0.2507 0.0257 0.4776
0.5047 0.4953 0.2577 0.247 0.0274 0.4679
0.4898 0.5102 0.2457 0.2441 0.0241 0.4861
0.5059 0.4941 0.2459 0.26 0.0229 0.4712
0.4997 0.5003 0.2494 0.2503 0.0229 0.4774
0.4928 0.5072 0.2452 0.2476 0.0233 0.4839
0.4954 0.5046 0.2453 0.2501 0.0245 0.4801
0.5074 0.4926 0.2474 0.26 0.0241 0.4685
0.4987 0.5013 0.2428 0.2559 0.0271 0.4742
0.4959 0.5041 0.2434 0.2525 0.024 0.4801
0.4886 0.5114 0.2455 0.2431 0.027 0.4844
0.5077 0.4923 0.2556 0.2521 0.0238 0.4685
0.4909 0.5091 0.2494 0.2415 0.0276 0.4815
0.5008 0.4992 0.2498 0.251 0.0264 0.4728
0.4963 0.5037 0.2484 0.2479 0.0234 0.4803
0.4997 0.5003 0.2462 0.2535 0.0229 0.4774
0.5005 0.4995 0.2441 0.2564 0.0258 0.4737
0.494 0.506 0.2485 0.2455 0.0254 0.4806
0.4981 0.5019 0.2457 0.2524 0.0231 0.4788
0.5002 0.4998 0.2487 0.2515 0.0254 0.4744
0.5041 0.4959 0.2502 0.2539 0.0244 0.4715
0.4981 0.5019 0.2428 0.2553 0.0252 0.4767
0.5195 0.4805 0.2567 0.2628 0.0222 0.4583
0.4967 0.5033 0.2476 0.2491 0.025 0.4783
0.4973 0.5027 0.2475 0.2498 0.0263 0.4764
0.4919 0.5081 0.2487 0.2432 0.025 0.4831
0.4982 0.5018 0.2429 0.2553 0.0238 0.478
0.496 0.504 0.2505 0.2455 0.0251 0.4789
0.4961 0.5039 0.2482 0.2479 0.026 0.4779
0.4971 0.5029 0.252 0.2451 0.0266 0.4763
0.5004 0.4996 0.2525 0.2479 0.0241 0.4755
0.4994 0.5006 0.2495 0.2499 0.0222 0.4784
0.5016 0.4984 0.2486 0.253 0.0222 0.4762
0.5136 0.4864 0.2624 0.2512 0.0233 0.4631
0.5032 0.4968 0.2416 0.2616 0.0236 0.4732
0.4946 0.5054 0.2459 0.2487 0.0273 0.4781
0.5028 0.4972 0.2466 0.2562 0.0238 0.4734
0.4985 0.5015 0.2476 0.2509 0.0235 0.478
0.5005 0.4995 0.2485 0.252 0.0213 0.4782
0.4916 0.5084 0.2535 0.2381 0.0251 0.4833
0.5048 0.4952 0.252 0.2528 0.0251 0.4701
0.5095 0.4905 0.2579 0.2516 0.0249 0.4656
0.5052 0.4948 0.2511 0.2541 0.0225 0.4723
0.5078 0.4922 0.2555 0.2523 0.0261 0.4661
0.4978 0.5022 0.2495 0.2483 0.0246 0.4776
0.4999 0.5001 0.2527 0.2472 0.0273 0.4728
0.5011 0.4989 0.2508 0.2503 0.0274 0.4715
0.4969 0.5031 0.2472 0.2497 0.0243 0.4788
0.4933 0.5067 0.2431 0.2502 0.0289 0.4778
0.503 0.497 0.2522 0.2508 0.0256 0.4714
0.5009 0.4991 0.2475 0.2534 0.0228 0.4763
0.5018 0.4982 0.2558 0.246 0.0263 0.4719
0.4959 0.5041 0.2418 0.2541 0.0254 0.4787
0.5002 0.4998 0.2524 0.2478 0.0227 0.4771
0.5071 0.4929 0.253 0.2541 0.0217 0.4712
0.4934 0.5066 0.2505 0.2429 0.025 0.4816
0.5014 0.4986 0.2535 0.2479 0.0228 0.4758
0.4976 0.5024 0.2473 0.2503 0.0271 0.4753
0.4949 0.5051 0.245 0.2499 0.0262 0.4789
0.4984 0.5016 0.2493 0.2491 0.0235 0.4781
0.4978 0.5022 0.2424 0.2554 0.0263 0.4759
0.4955 0.5045 0.2389 0.2566 0.0271 0.4774
0.5039 0.4961 0.2557 0.2482 0.027 0.4691
0.4971 0.5029 0.2437 0.2534 0.0252 0.4777
0.4989 0.5011 0.2536 0.2453 0.0256 0.4755
0.5094 0.4906 0.2514 0.258 0.0275 0.4631
0.5031 0.4969 0.2523 0.2508 0.0292 0.4677
0.4931 0.5069 0.2442 0.2489 0.0251 0.4818
0.4936 0.5064 0.2503 0.2433 0.026 0.4804
0.4961 0.5039 0.2563 0.2398 0.0252 0.4787
0.4976 0.5024 0.2448 0.2528 0.0241 0.4783
0.5073 0.4927 0.2582 0.2491 0.0239 0.4688
0.5008 0.4992 0.2476 0.2532 0.0242 0.475
0.497 0.503 0.2452 0.2518 0.0233 0.4797
0.4967 0.5033 0.2529 0.2438 0.0236 0.4797
0.5019 0.4981 0.2497 0.2522 0.0263 0.4718
0.4951 0.5049 0.2504 0.2447 0.0267 0.4782
0.4996 0.5004 0.2506 0.249 0.0268 0.4736
0.4929 0.5071 0.2445 0.2484 0.026 0.4811
0.4987 0.5013 0.2436 0.2551 0.0235 0.4778
0.4993 0.5007 0.2498 0.2495 0.0253 0.4754
0.4985 0.5015 0.2473 0.2512 0.0222 0.4793
0.4974 0.5026 0.2535 0.2439 0.0232 0.4794
0.5016 0.4984 0.2546 0.247 0.0216 0.4768
0.5014 0.4986 0.25 0.2514 0.0298 0.4688
0.4871 0.5129 0.2388 0.2483 0.0285 0.4844
0.4972 0.5028 0.2599 0.2373 0.0284 0.4744
0.5076 0.4924 0.2549 0.2527 0.0214 0.471
0.505 0.495 0.2527 0.2523 0.0249 0.4701
0.4916 0.5084 0.2458 0.2458 0.0249 0.4835
0.5014 0.4986 0.2478 0.2536 0.0256 0.473
0.4967 0.5033 0.2508 0.2459 0.0242 0.4791
0.4947 0.5053 0.2534 0.2413 0.0259 0.4794
0.4976 0.5024 0.2527 0.2449 0.0251 0.4773
0.5006 0.4994 0.245 0.2556 0.0269 0.4725
0.5004 0.4996 0.2535 0.2469 0.0241 0.4755
0.5063 0.4937 0.2505 0.2558 0.0232 0.4705
0.4896 0.5104 0.238 0.2516 0.0249 0.4855
0.5006 0.4994 0.2496 0.251 0.0246 0.4748
0.5044 0.4956 0.2525 0.2519 0.0236 0.472
0.4989 0.5011 0.2462 0.2527 0.0231 0.478
0.4969 0.5031 0.2548 0.2421 0.0239 0.4792
0.4956 0.5044 0.2434 0.2522 0.0258 0.4786
0.4957 0.5043 0.2462 0.2495 0.028 0.4763
0.5019 0.4981 0.2595 0.2424 0.0243 0.4738
0.5076 0.4924 0.246 0.2616 0.0224 0.47
0.4998 0.5002 0.255 0.2448 0.0232 0.477
0.5004 0.4996 0.2536 0.2468 0.0235 0.4761
0.503 0.497 0.2435 0.2595 0.0259 0.4711
0.4939 0.5061 0.2449 0.249 0.0248 0.4813
0.5066 0.4934 0.2489 0.2577 0.0246 0.4688
0.5024 0.4976 0.2539 0.2485 0.0249 0.4727
0.4976 0.5024 0.2504 0.2472 0.0269 0.4755
0.4932 0.5068 0.2498 0.2434 0.0243 0.4825
0.4971 0.5029 0.248 0.2491 0.0237 0.4792
0.4966 0.5034 0.2502 0.2464 0.0258 0.4776
0.5014 0.4986 0.2562 0.2452 0.0243 0.4743
0.5009 0.4991 0.2484 0.2525 0.0256 0.4735
0.5014 0.4986 0.2499 0.2515 0.0242 0.4744
0.4949 0.5051 0.2506 0.2443 0.0277 0.4774
0.5006 0.4994 0.2558 0.2448 0.0253 0.4741
0.5013 0.4987 0.2463 0.255 0.024 0.4747
0.4989 0.5011 0.2521 0.2468 0.0278 0.4733
0.5041 0.4959 0.2511 0.253 0.0266 0.4693
0.4983 0.5017 0.2557 0.2426 0.0243 0.4774
0.4907 0.5093 0.243 0.2477 0.0278 0.4815
0.4982 0.5018 0.2467 0.2515 0.028 0.4738
0.4978 0.5022 0.2468 0.251 0.0256 0.4766
0.5019 0.4981 0.248 0.2539 0.0263 0.4718
0.5051 0.4949 0.2535 0.2516 0.0229 0.472
0.5014 0.4986 0.2444 0.257 0.0258 0.4728
0.4896 0.5104 0.242 0.2476 0.0273 0.4831
0.5052 0.4948 0.2554 0.2498 0.0248 0.47
0.499 0.501 0.2476 0.2514 0.0236 0.4774
0.4984 0.5016 0.2485 0.2499 0.028 0.4736
0.4966 0.5034 0.244 0.2526 0.0226 0.4808
0.5015 0.4985 0.2475 0.254 0.0247 0.4738
0.5018 0.4982 0.2536 0.2482 0.0245 0.4737
0.5058 0.4942 0.2504 0.2554 0.0235 0.4707
0.4967 0.5033 0.2497 0.247 0.0283 0.475
0.4984 0.5016 0.2484 0.25 0.0247 0.4769
0.498 0.502 0.2491 0.2489 0.0245 0.4775
0.5068 0.4932 0.2546 0.2522 0.0231 0.4701
0.5065 0.4935 0.253 0.2535 0.0286 0.4649
0.5083 0.4917 0.2535 0.2548 0.0219 0.4698
0.4991 0.5009 0.2476 0.2515 0.0231 0.4778
0.5062 0.4938 0.2503 0.2559 0.0273 0.4665
0.4964 0.5036 0.2532 0.2432 0.024 0.4796
0.5002 0.4998 0.254 0.2462 0.0275 0.4723
0.4993 0.5007 0.2512 0.2481 0.0245 0.4762
0.5034 0.4966 0.2544 0.249 0.0261 0.4705
0.5062 0.4938 0.2555 0.2507 0.0256 0.4682
0.5034 0.4966 0.2485 0.2549 0.0219 0.4747
0.4988 0.5012 0.2499 0.2489 0.025 0.4762
0.5043 0.4957 0.2548 0.2495 0.0255 0.4702
0.5092 0.4908 0.2529 0.2563 0.025 0.4658
0.5033 0.4967 0.2542 0.2491 0.0255 0.4712
0.4993 0.5007 0.2504 0.2489 0.0256 0.4751
0.5001 0.4999 0.2485 0.2516 0.0239 0.476
0.4905 0.5095 0.2417 0.2488 0.0234 0.4861
0.5055 0.4945 0.2514 0.2541 0.0265 0.468
0.4905 0.5095 0.2464 0.2441 0.0257 0.4838
0.5026 0.4974 0.2425 0.2601 0.0264 0.471
0.4895 0.5105 0.2465 0.243 0.025 0.4855
0.4953 0.5047 0.2438 0.2515 0.0255 0.4792
0.5044 0.4956 0.2451 0.2593 0.0263 0.4693
0.4974 0.5026 0.254 0.2434 0.026 0.4766
0.4995 0.5005 0.2498 0.2497 0.0236 0.4769
0.4977 0.5023 0.2562 0.2415 0.0279 0.4744
0.5044 0.4956 0.2546 0.2498 0.0255 0.4701
0.4982 0.5018 0.2527 0.2455 0.0256 0.4762
0.5014 0.4986 0.2516 0.2498 0.0239 0.4747
0.5047 0.4953 0.2497 0.255 0.0254 0.4699
0.5009 0.4991 0.2549 0.246 0.0237 0.4754
0.5052 0.4948 0.253 0.2522 0.0225 0.4723
0.5026 0.4974 0.2533 0.2493 0.0272 0.4702
0.5014 0.4986 0.2487 0.2527 0.0248 0.4738
0.4991 0.5009 0.2512 0.2479 0.0268 0.4741
0.4943 0.5057 0.2526 0.2417 0.0252 0.4805
0.495 0.505 0.2458 0.2492 0.0243 0.4807
0.4972 0.5028 0.2425 0.2547 0.0254 0.4774
0.4942 0.5058 0.2401 0.2541 0.0235 0.4823
0.4972 0.5028 0.2526 0.2446 0.0224 0.4804
0.493 0.507 0.2374 0.2556 0.0264 0.4806
0.5061 0.4939 0.2544 0.2517 0.0242 0.4697
0.4964 0.5036 0.2526 0.2438 0.0272 0.4764
0.5003 0.4997 0.2583 0.242 0.0291 0.4706
0.5053 0.4947 0.2494 0.2559 0.0264 0.4683
0.5009 0.4991 0.2453 0.2556 0.0253 0.4738
0.4947 0.5053 0.2469 0.2478 0.0231 0.4822
0.4976 0.5024 0.2494 0.2482 0.0232 0.4792
0.4909 0.5091 0.2454 0.2455 0.0277 0.4814
0.4971 0.5029 0.2507 0.2464 0.0271 0.4758
0.4969 0.5031 0.2482 0.2487 0.0231 0.48
0.4999 0.5001 0.2457 0.2542 0.0269 0.4732
0.5036 0.4964 0.2564 0.2472 0.025 0.4714
0.504 0.496 0.2464 0.2576 0.0246 0.4714
0.4994 0.5006 0.2436 0.2558 0.0278 0.4728
0.4944 0.5056 0.2447 0.2497 0.0235 0.4821
0.5077 0.4923 0.257 0.2507 0.0246 0.4677
0.4874 0.5126 0.2391 0.2483 0.0267 0.4859
0.5058 0.4942 0.2457 0.2601 0.0246 0.4696
0.5039 0.4961 0.2433 0.2606 0.0208 0.4753
0.499 0.501 0.2514 0.2476 0.0235 0.4775
0.4997 0.5003 0.2511 0.2486 0.0244 0.4759
0.5077 0.4923 0.2526 0.2551 0.0266 0.4657
0.4958 0.5042 0.2502 0.2456 0.0271 0.4771
0.5012 0.4988 0.2512 0.25 0.026 0.4728
0.4997 0.5003 0.2447 0.255 0.0257 0.4746
0.5005 0.4995 0.2495 0.251 0.0233 0.4762
0.4955 0.5045 0.2476 0.2479 0.0258 0.4787
0.5006 0.4994 0.2478 0.2528 0.0247 0.4747
0.4973 0.5027 0.2518 0.2455 0.0301 0.4726
0.4956 0.5044 0.2508 0.2448 0.0267 0.4777
0.508 0.492 0.2561 0.2519 0.0254 0.4666
0.5038 0.4962 0.2498 0.254 0.0253 0.4709
0.5038 0.4962 0.2514 0.2524 0.0252 0.471
0.4983 0.5017 0.2497 0.2486 0.0272 0.4745
0.499 0.501 0.2511 0.2479 0.0269 0.4741
0.5017 0.4983 0.253 0.2487 0.0243 0.474
0.502 0.498 0.2478 0.2542 0.0229 0.4751
0.4955 0.5045 0.2533 0.2422 0.0236 0.4809
0.4942 0.5058 0.2439 0.2503 0.0278 0.478
0.4976 0.5024 0.2494 0.2482 0.0286 0.4738
0.5055 0.4945 0.2498 0.2557 0.0255 0.469
0.5008 0.4992 0.2514 0.2494 0.0256 0.4736
0.4992 0.5008 0.2538 0.2454 0.025 0.4758
0.5015 0.4985 0.2548 0.2467 0.0234 0.4751
0.4981 0.5019 0.2483 0.2498 0.0237 0.4782
0.4988 0.5012 0.2494 0.2494 0.0257 0.4755
0.4945 0.5055 0.2507 0.2438 0.0308 0.4747
0.501 0.499 0.2513 0.2497 0.0247 0.4743
0.501 0.499 0.2527 0.2483 0.0262 0.4728
0.5035 0.4965 0.2495 0.254 0.0254 0.4711
0.5065 0.4935 0.2595 0.247 0.0243 0.4692
0.5023 0.4977 0.2577 0.2446 0.0255 0.4722
0.4907 0.5093 0.2468 0.2439 0.0296 0.4797
0.5074 0.4926 0.2564 0.251 0.0247 0.4679
0.502 0.498 0.2456 0.2564 0.0245 0.4735
0.4932 0.5068 0.2472 0.246 0.0249 0.4819
0.5039 0.4961 0.25 0.2539 0.0258 0.4703
0.4984 0.5016 0.2507 0.2477 0.0253 0.4763
0.5009 0.4991 0.2473 0.2536 0.0269 0.4722
0.4991 0.5009 0.2519 0.2472 0.0237 0.4772
0.4992 0.5008 0.2492 0.25 0.0272 0.4736
0.5044 0.4956 0.2552 0.2492 0.0265 0.4691
0.5087 0.4913 0.2525 0.2562 0.0227 0.4686
0.494 0.506 0.2478 0.2462 0.0251 0.4809
0.5073 0.4927 0.2508 0.2565 0.0265 0.4662
0.5106 0.4894 0.2653 0.2453 0.0226 0.4668
0.5017 0.4983 0.2547 0.247 0.0248 0.4735
0.4909 0.5091 0.2413 0.2496 0.0263 0.4828
0.498 0.502 0.2545 0.2435 0.0254 0.4766
0.508 0.492 0.2566 0.2514 0.0256 0.4664
0.4965 0.5035 0.2482 0.2483 0.0247 0.4788
0.5054 0.4946 0.2494 0.256 0.0225 0.4721
0.4917 0.5083 0.2455 0.2462 0.0254 0.4829
0.5029 0.4971 0.2559 0.247 0.0267 0.4704
0.5004 0.4996 0.2555 0.2449 0.0265 0.4731
0.5003 0.4997 0.2585 0.2418 0.0262 0.4735
0.5018 0.4982 0.2551 0.2467 0.026 0.4722
0.4989 0.5011 0.2562 0.2427 0.0244 0.4767
0.4997 0.5003 0.2493 0.2504 0.0248 0.4755
0.5096 0.4904 0.2582 0.2514 0.0253 0.4651
0.4945 0.5055 0.25 0.2445 0.0262 0.4793
0.4975 0.5025 0.2474 0.2501 0.0235 0.479
0.4965 0.5035 0.2498 0.2467 0.0247 0.4788
0.5029 0.4971 0.2445 0.2584 0.0239 0.4732
0.5059 0.4941 0.2491 0.2568 0.0274 0.4667
0.5083 0.4917 0.2508 0.2575 0.0204 0.4713
0.5032 0.4968 0.2484 0.2548 0.0237 0.4731
0.4972 0.5028 0.2484 0.2488 0.026 0.4768
0.4966 0.5034 0.2486 0.248 0.0254 0.478
0.4993 0.5007 0.2458 0.2535 0.0274 0.4733
0.5088 0.4912 0.2572 0.2516 0.026 0.4652
0.4984 0.5016 0.249 0.2494 0.0242 0.4774
0.4933 0.5067 0.2503 0.243 0.0263 0.4804
0.4949 0.5051 0.2439 0.251 0.0229 0.4822
0.5051 0.4949 0.2523 0.2528 0.025 0.4699
0.5055 0.4945 0.255 0.2505 0.0255 0.469
0.5093 0.4907 0.2557 0.2536 0.0236 0.4671
0.5089 0.4911 0.2565 0.2524 0.0232 0.4679
0.5039 0.4961 0.2596 0.2443 0.0271 0.469
0.5053 0.4947 0.2486 0.2567 0.0254 0.4693
0.4999 0.5001 0.2465 0.2534 0.0254 0.4747
0.5003 0.4997 0.2551 0.2452 0.0257 0.474
0.4978 0.5022 0.2477 0.2501 0.03 0.4722
0.4915 0.5085 0.2475 0.244 0.0253 0.4832
0.4993 0.5007 0.2494 0.2499 0.0242 0.4765
0.4985 0.5015 0.2474 0.2511 0.0261 0.4754
0.4994 0.5006 0.2521 0.2473 0.0263 0.4743
0.4941 0.5059 0.2487 0.2454 0.025 0.4809
0.4965 0.5035 0.2522 0.2443 0.0281 0.4754
0.5024 0.4976 0.2531 0.2493 0.0278 0.4698
0.4969 0.5031 0.2468 0.2501 0.0249 0.4782
0.5026 0.4974 0.2516 0.251 0.023 0.4744
0.4959 0.5041 0.2479 0.248 0.0253 0.4788
0.4998 0.5002 0.2525 0.2473 0.026 0.4742
0.5074 0.4926 0.2539 0.2535 0.0222 0.4704
0.5 0.5 0.2514 0.2486 0.0246 0.4754
0.4992 0.5008 0.2538 0.2454 0.0272 0.4736
0.4934 0.5066 0.2472 0.2462 0.0232 0.4834
0.501 0.499 0.2511 0.2499 0.0244 0.4746
0.4974 0.5026 0.2525 0.2449 0.0235 0.4791
0.4969 0.5031 0.2479 0.249 0.0257 0.4774
0.4982 0.5018 0.2525 0.2457 0.0255 0.4763
0.5044 0.4956 0.2516 0.2528 0.0236 0.472
0.4949 0.5051 0.2494 0.2455 0.0262 0.4789
0.5092 0.4908 0.2551 0.2541 0.0252 0.4656
0.5066 0.4934 0.2557 0.2509 0.024 0.4694
0.5002 0.4998 0.2529 0.2473 0.0244 0.4754
0.5078 0.4922 0.255 0.2528 0.0276 0.4646
0.4979 0.5021 0.2457 0.2522 0.0247 0.4774
0.508 0.492 0.2573 0.2507 0.0238 0.4682
0.5102 0.4898 0.2621 0.2481 0.0223 0.4675
0.4988 0.5012 0.2514 0.2474 0.0253 0.4759
0.5055 0.4945 0.2529 0.2526 0.0244 0.4701
0.4974 0.5026 0.2491 0.2483 0.0246 0.478
0.5009 0.4991 0.2502 0.2507 0.0242 0.4749
0.497 0.503 0.248 0.249 0.023 0.48
0.4947 0.5053 0.248 0.2467 0.0265 0.4788
0.501 0.499 0.2528 0.2482 0.0264 0.4726
0.5024 0.4976 0.249 0.2534 0.0242 0.4734
0.5043 0.4957 0.2481 0.2562 0.024 0.4717
0.5096 0.4904 0.2582 0.2514 0.0274 0.463
0.4985 0.5015 0.2516 0.2469 0.0242 0.4773
0.5079 0.4921 0.2564 0.2515 0.0254 0.4667
0.4985 0.5015 0.2488 0.2497 0.0278 0.4737
0.51 0.49 0.2535 0.2565 0.0245 0.4655
0.4932 0.5068 0.2497 0.2435 0.0247 0.4821
0.502 0.498 0.2508 0.2512 0.0248 0.4732
0.4987 0.5013 0.2503 0.2484 0.0227 0.4786
0.5052 0.4948 0.2536 0.2516 0.0217 0.4731
0.4945 0.5055 0.2462 0.2483 0.0282 0.4773
0.494 0.506 0.2431 0.2509 0.024 0.482
0.4975 0.5025 0.2462 0.2513 0.0253 0.4772
0.4908 0.5092 0.2502 0.2406 0.0274 0.4818
0.4927 0.5073 0.2538 0.2389 0.0236 0.4837
0.5057 0.4943 0.2535 0.2522 0.0273 0.467
0.4977 0.5023 0.2497 0.248 0.0264 0.4759
0.5085 0.4915 0.2491 0.2594 0.0225 0.469
0.4985 0.5015 0.2462 0.2523 0.0247 0.4768
0.4999 0.5001 0.2471 0.2528 0.0249 0.4752
0.5005 0.4995 0.2477 0.2528 0.025 0.4745
0.4979 0.5021 0.2468 0.2511 0.0233 0.4788
0.5033 0.4967 0.2546 0.2487 0.0218 0.4749
0.4994 0.5006 0.2524 0.247 0.0263 0.4743
0.4933 0.5067 0.246 0.2473 0.0265 0.4802
0.4936 0.5064 0.2492 0.2444 0.0255 0.4809
0.5014 0.4986 0.2471 0.2543 0.0252 0.4734
0.5076 0.4924 0.2571 0.2505 0.023 0.4694
0.4967 0.5033 0.2518 0.2449 0.0251 0.4782
0.5081 0.4919 0.2528 0.2553 0.0261 0.4658
0.5015 0.4985 0.2509 0.2506 0.0275 0.471
0.5099 0.4901 0.2565 0.2534 0.0266 0.4635
0.5084 0.4916 0.257 0.2514 0.0272 0.4644
0.4969 0.5031 0.2473 0.2496 0.0235 0.4796
0.5081 0.4919 0.2568 0.2513 0.0252 0.4667
0.4974 0.5026 0.2401 0.2573 0.0224 0.4802
0.5009 0.4991 0.2457 0.2552 0.0248 0.4743
0.4987 0.5013 0.2476 0.2511 0.0265 0.4748
0.5053 0.4947 0.2518 0.2535 0.0246 0.4701
0.5027 0.4973 0.2539 0.2488 0.0236 0.4737
0.5001 0.4999 0.2466 0.2535 0.0257 0.4742
0.5005 0.4995 0.2495 0.251 0.0263 0.4732
0.5046 0.4954 0.257 0.2476 0.0239 0.4715
0.5082 0.4918 0.2569 0.2513 0.0244 0.4674
0.5045 0.4955 0.2592 0.2453 0.0257 0.4698
0.5063 0.4937 0.2442 0.2621 0.0232 0.4705
0.5063 0.4937 0.2564 0.2499 0.0225 0.4712
0.5012 0.4988 0.2501 0.2511 0.025 0.4738
0.493 0.507 0.2454 0.2476 0.025 0.482
0.4901 0.5099 0.2426 0.2475 0.0249 0.485
0.5018 0.4982 0.2504 0.2514 0.0265 0.4717
0.4991 0.5009 0.2471 0.252 0.0237 0.4772
0.5021 0.4979 0.2525 0.2496 0.0219 0.476
0.4998 0.5002 0.2513 0.2485 0.0279 0.4723
0.5078 0.4922 0.2615 0.2463 0.0226 0.4696
0.4904 0.5096 0.2424 0.248 0.0224 0.4872
0.4899 0.5101 0.2453 0.2446 0.0269 0.4832
0.5023 0.4977 0.242 0.2603 0.0262 0.4715
0.5093 0.4907 0.2503 0.259 0.0266 0.4641
0.506 0.494 0.2438 0.2622 0.028 0.466
0.4972 0.5028 0.2436 0.2536 0.0236 0.4792
0.4976 0.5024 0.2487 0.2489 0.0236 0.4788
0.497 0.503 0.2433 0.2537 0.0224 0.4806
0.5056 0.4944 0.2538 0.2518 0.0211 0.4733
0.5028 0.4972 0.2444 0.2584 0.0238 0.4734
0.5039 0.4961 0.2566 0.2473 0.0271 0.469
0.4901 0.5099 0.2504 0.2397 0.0254 0.4845
0.4916 0.5084 0.244 0.2476 0.0256 0.4828
0.5048 0.4952 0.2513 0.2535 0.0246 0.4706
0.5008 0.4992 0.2425 0.2583 0.0255 0.4737
0.4956 0.5044 0.2515 0.2441 0.0284 0.476
0.4945 0.5055 0.2508 0.2437 0.025 0.4805
0.5029 0.4971 0.2495 0.2534 0.0256 0.4715
0.4994 0.5006 0.2477 0.2517 0.0257 0.4749
0.4993 0.5007 0.247 0.2523 0.0258 0.4749
0.497 0.503 0.2492 0.2478 0.0223 0.4807
0.4951 0.5049 0.2379 0.2572 0.0241 0.4808
0.5026 0.4974 0.2535 0.2491 0.0251 0.4723
0.4952 0.5048 0.2431 0.2521 0.0259 0.4789
0.5006 0.4994 0.2493 0.2513 0.023 0.4764
0.4892 0.5108 0.2415 0.2477 0.0277 0.4831
0.4991 0.5009 0.2489 0.2502 0.025 0.4759
0.4989 0.5011 0.2487 0.2502 0.0278 0.4733
0.5039 0.4961 0.2463 0.2576 0.0238 0.4723
0.5039 0.4961 0.248 0.2559 0.0244 0.4717
0.4969 0.5031 0.2465 0.2504 0.0238 0.4793
0.4966 0.5034 0.2415 0.2551 0.0263 0.4771
0.4923 0.5077 0.2473 0.245 0.0243 0.4834
0.5059 0.4941 0.2552 0.2507 0.024 0.4701
0.4974 0.5026 0.2479 0.2495 0.0244 0.4782
0.4889 0.5111 0.2432 0.2457 0.027 0.4841
0.5095 0.4905 0.2527 0.2568 0.0267 0.4638
0.4996 0.5004 0.2484 0.2512 0.025 0.4754
0.508 0.492 0.2555 0.2525 0.0264 0.4656
0.5071 0.4929 0.2575 0.2496 0.0253 0.4676
0.4997 0.5003 0.2464 0.2533 0.024 0.4763
0.4969 0.5031 0.247 0.2499 0.0258 0.4773
0.4925 0.5075 0.2426 0.2499 0.0274 0.4801
0.4978 0.5022 0.2468 0.251 0.0248 0.4774
0.4922 0.5078 0.2522 0.24 0.0257 0.4821
0.4997 0.5003 0.251 0.2487 0.0239 0.4764
0.4956 0.5044 0.2508 0.2448 0.0271 0.4773
0.5008 0.4992 0.2535 0.2473 0.0248 0.4744
0.5082 0.4918 0.2575 0.2507 0.0244 0.4674
0.4956 0.5044 0.2499 0.2457 0.0246 0.4798
0.4995 0.5005 0.2381 0.2614 0.0224 0.4781
0.495 0.505 0.2451 0.2499 0.0282 0.4768
0.5032 0.4968 0.2487 0.2545 0.0274 0.4694
0.5049 0.4951 0.2477 0.2572 0.0237 0.4714
0.5087 0.4913 0.2557 0.253 0.0249 0.4664
0.5043 0.4957 0.2484 0.2559 0.0246 0.4711
0.5002 0.4998 0.2506 0.2496 0.0262 0.4736
0.4889 0.5111 0.2425 0.2464 0.0278 0.4833
0.4997 0.5003 0.2497 0.25 0.0237 0.4766
0.5025 0.4975 0.2539 0.2486 0.0234 0.4741
0.4931 0.5069 0.2499 0.2432 0.0265 0.4804
0.5053 0.4947 0.2515 0.2538 0.0215 0.4732
0.5002 0.4998 0.2483 0.2519 0.026 0.4738
0.4964 0.5036 0.2505 0.2459 0.0227 0.4809
0.5055 0.4945 0.2552 0.2503 0.0225 0.472
0.5144 0.4856 0.2557 0.2587 0.0244 0.4612
0.4996 0.5004 0.2489 0.2507 0.0263 0.4741
0.4944 0.5056 0.2505 0.2439 0.0253 0.4803
0.5034 0.4966 0.2518 0.2516 0.0241 0.4725
0.501 0.499 0.2542 0.2468 0.0241 0.4749
0.499 0.501 0.2528 0.2462 0.0213 0.4797
0.495 0.505 0.2484 0.2466 0.0241 0.4809
0.4952 0.5048 0.2497 0.2455 0.0235 0.4813
0.4963 0.5037 0.2472 0.2491 0.0257 0.478
0.4984 0.5016 0.2524 0.246 0.0242 0.4774
0.508 0.492 0.252 0.256 0.0223 0.4697
0.5095 0.4905 0.2558 0.2537 0.0227 0.4678
0.4963 0.5037 0.2504 0.2459 0.0263 0.4774
0.5045 0.4955 0.2568 0.2477 0.0276 0.4679
0.5019 0.4981 0.25 0.2519 0.0244 0.4737
0.4965 0.5035 0.2483 0.2482 0.0253 0.4782
0.501 0.499 0.2552 0.2458 0.026 0.473
0.5023 0.4977 0.2494 0.2529 0.0225 0.4752
0.4904 0.5096 0.2512 0.2392 0.0275 0.4821
0.498 0.502 0.2517 0.2463 0.0229 0.4791
0.5012 0.4988 0.2459 0.2553 0.0248 0.474
0.5075 0.4925 0.2524 0.2551 0.0234 0.4691
0.5026 0.4974 0.2435 0.2591 0.0247 0.4727
0.501 0.499 0.2494 0.2516 0.0235 0.4755
0.4971 0.5029 0.2465 0.2506 0.0242 0.4787
0.4963 0.5037 0.2525 0.2438 0.0261 0.4776
0.5027 0.4973 0.2514 0.2513 0.0231 0.4742
0.499 0.501 0.2481 0.2509 0.0239 0.4771
0.4939 0.5061 0.2444 0.2495 0.0269 0.4792
0.5035 0.4965 0.2464 0.2571 0.0249 0.4716
0.5031 0.4969 0.2519 0.2512 0.0232 0.4737
0.4981 0.5019 0.2463 0.2518 0.0243 0.4776
0.5059 0.4941 0.2495 0.2564 0.024 0.4701
0.5004 0.4996 0.2502 0.2502 0.0267 0.4729
0.4975 0.5025 0.2419 0.2556 0.0232 0.4793
0.4992 0.5008 0.2503 0.2489 0.0254 0.4754
0.4915 0.5085 0.2407 0.2508 0.0234 0.4851
0.4968 0.5032 0.2465 0.2503 0.0274 0.4758
0.5003 0.4997 0.2507 0.2496 0.025 0.4747
0.4924 0.5076 0.248 0.2444 0.0237 0.4839
0.4982 0.5018 0.2501 0.2481 0.0245 0.4773
0.5001 0.4999 0.2513 0.2488 0.0244 0.4755
0.503 0.497 0.2508 0.2522 0.0246 0.4724
0.5059 0.4941 0.242 0.2639 0.0234 0.4707
0.5052 0.4948 0.2503 0.2549 0.0227 0.4721
0.5 0.5 0.2499 0.2501 0.026 0.474
0.4927 0.5073 0.2429 0.2498 0.0269 0.4804
0.5112 0.4888 0.2497 0.2615 0.028 0.4608
0.4899 0.5101 0.2478 0.2421 0.0256 0.4845
0.4976 0.5024 0.2449 0.2527 0.0225 0.4799
0.5001 0.4999 0.254 0.2461 0.0272 0.4727
0.4926 0.5074 0.2451 0.2475 0.0241 0.4833
0.5035 0.4965 0.2524 0.2511 0.0262 0.4703
0.5029 0.4971 0.2517 0.2512 0.0261 0.471
0.5034 0.4966 0.2559 0.2475 0.027 0.4696
0.4899 0.5101 0.2429 0.247 0.0256 0.4845
0.4977 0.5023 0.2474 0.2503 0.0275 0.4748
0.499 0.501 0.2493 0.2497 0.0271 0.4739
0.4965 0.5035 0.2533 0.2432 0.0228 0.4807
0.4988 0.5012 0.2502 0.2486 0.0245 0.4767
0.4997 0.5003 0.2456 0.2541 0.0234 0.4769
0.5025 0.4975 0.252 0.2505 0.026 0.4715
0.4977 0.5023 0.2458 0.2519 0.026 0.4763
0.5052 0.4948 0.2559 0.2493 0.0216 0.4732
0.5078 0.4922 0.2586 0.2492 0.025 0.4672
0.4996 0.5004 0.2464 0.2532 0.026 0.4744
0.5043 0.4957 0.2471 0.2572 0.0293 0.4664
0.4972 0.5028 0.2527 0.2445 0.0268 0.476
0.4956 0.5044 0.245 0.2506 0.0264 0.478
0.5089 0.4911 0.259 0.2499 0.0275 0.4636
0.4997 0.5003 0.2471 0.2526 0.0273 0.473
0.5033 0.4967 0.2502 0.2531 0.0228 0.4739
0.5061 0.4939 0.249 0.2571 0.0258 0.4681
0.5022 0.4978 0.2515 0.2507 0.0268 0.471
0.4954 0.5046 0.2505 0.2449 0.0266 0.478
0.4961 0.5039 0.2476 0.2485 0.0237 0.4802
0.501 0.499 0.2449 0.2561 0.0249 0.4741
0.499 0.501 0.2472 0.2518 0.025 0.476
0.4988 0.5012 0.2492 0.2496 0.0256 0.4756
0.5056 0.4944 0.2467 0.2589 0.0252 0.4692
0.5001 0.4999 0.2489 0.2512 0.0234 0.4765
0.4959 0.5041 0.2433 0.2526 0.0227 0.4814
0.498 0.502 0.2477 0.2503 0.0242 0.4778
0.5015 0.4985 0.2515 0.25 0.0263 0.4722
0.495 0.505 0.25 0.245 0.0245 0.4805
0.4944 0.5056 0.2423 0.2521 0.0242 0.4814
0.499 0.501 0.2491 0.2499 0.0224 0.4786
0.4966 0.5034 0.246 0.2506 0.0245 0.4789
0.499 0.501 0.2455 0.2535 0.025 0.476
0.4953 0.5047 0.2475 0.2478 0.0248 0.4799
0.5009 0.4991 0.2522 0.2487 0.0268 0.4723
0.51 0.49 0.2498 0.2602 0.0212 0.4688
0.4955 0.5045 0.242 0.2535 0.0252 0.4793
0.4986 0.5014 0.2452 0.2534 0.0251 0.4763
0.495 0.505 0.2506 0.2444 0.0284 0.4766
0.5047 0.4953 0.2559 0.2488 0.0228 0.4725
0.4998 0.5002 0.2442 0.2556 0.0269 0.4733
0.5085 0.4915 0.2572 0.2513 0.0242 0.4673
0.4919 0.5081 0.2468 0.2451 0.024 0.4841
0.501 0.499 0.2506 0.2504 0.0271 0.4719
0.4982 0.5018 0.2523 0.2459 0.0274 0.4744
0.4971 0.5029 0.2506 0.2465 0.0279 0.475
0.5081 0.4919 0.2554 0.2527 0.0253 0.4666
0.493 0.507 0.2506 0.2424 0.0266 0.4804
0.5017 0.4983 0.2562 0.2455 0.0239 0.4744
0.5125 0.4875 0.2573 0.2552 0.0258 0.4617
0.5101 0.4899 0.2568 0.2533 0.0254 0.4645
0.4928 0.5072 0.2496 0.2432 0.0254 0.4818
0.4976 0.5024 0.2516 0.246 0.0246 0.4778
0.498 0.502 0.2492 0.2488 0.0233 0.4787
0.5068 0.4932 0.2584 0.2484 0.023 0.4702
0.4978 0.5022 0.2472 0.2506 0.0208 0.4814
0.4938 0.5062 0.2456 0.2482 0.0277 0.4785
0.4978 0.5022 0.2507 0.2471 0.0259 0.4763
0.5044 0.4956 0.2597 0.2447 0.0266 0.469
0.4977 0.5023 0.2466 0.2511 0.0226 0.4797
0.4989 0.5011 0.246 0.2529 0.0244 0.4767
0.5047 0.4953 0.2481 0.2566 0.0226 0.4727
0.5076 0.4924 0.2548 0.2528 0.0253 0.4671
0.496 0.504 0.2517 0.2443 0.0254 0.4786
0.5002 0.4998 0.2523 0.2479 0.0235 0.4763
0.4996 0.5004 0.2567 0.2429 0.023 0.4774
0.5018 0.4982 0.2556 0.2462 0.025 0.4732
0.5064 0.4936 0.2535 0.2529 0.0247 0.4689
0.507 0.493 0.2503 0.2567 0.0235 0.4695
0.4999 0.5001 0.2478 0.2521 0.0268 0.4733
0.5015 0.4985 0.2523 0.2492 0.0237 0.4748
0.4994 0.5006 0.2457 0.2537 0.0253 0.4753
0.5058 0.4942 0.2487 0.2571 0.0264 0.4678
0.4994 0.5006 0.2485 0.2509 0.022 0.4786
0.5056 0.4944 0.2531 0.2525 0.0245 0.4699
0.4964 0.5036 0.2439 0.2525 0.0266 0.477
0.4964 0.5036 0.2461 0.2503 0.0261 0.4775
0.4885 0.5115 0.2415 0.247 0.0258 0.4857
0.5009 0.4991 0.2531 0.2478 0.0241 0.475
0.4993 0.5007 0.2463 0.253 0.022 0.4787
0.5032 0.4968 0.2549 0.2483 0.0249 0.4719
0.5012 0.4988 0.2481 0.2531 0.0266 0.4722
0.5003 0.4997 0.2494 0.2509 0.0247 0.475
0.5099 0.4901 0.247 0.2629 0.0229 0.4672
0.4991 0.5009 0.2454 0.2537 0.0256 0.4753
0.5022 0.4978 0.2516 0.2506 0.0267 0.4711
0.5055 0.4945 0.2516 0.2539 0.0237 0.4708
0.5006 0.4994 0.2498 0.2508 0.0247 0.4747
0.4975 0.5025 0.2473 0.2502 0.0255 0.477
0.4945 0.5055 0.2481 0.2464 0.0243 0.4812
0.4958 0.5042 0.2445 0.2513 0.0267 0.4775
0.5148 0.4852 0.2581 0.2567 0.0258 0.4594
0.499 0.501 0.2524 0.2466 0.0256 0.4754
0.4966 0.5034 0.2456 0.251 0.0251 0.4783
0.4967 0.5033 0.2462 0.2505 0.0263 0.477
0.5038 0.4962 0.2519 0.2519 0.0241 0.4721
0.5036 0.4964 0.2482 0.2554 0.022 0.4744
0.4897 0.5103 0.2516 0.2381 0.0265 0.4838
0.5082 0.4918 0.2529 0.2553 0.0245 0.4673
0.5012 0.4988 0.2552 0.246 0.0256 0.4732
0.501 0.499 0.2511 0.2499 0.0272 0.4718
0.4934 0.5066 0.2506 0.2428 0.0254 0.4812
0.5047 0.4953 0.2544 0.2503 0.0251 0.4702
0.4977 0.5023 0.2385 0.2592 0.0239 0.4784
0.5001 0.4999 0.2486 0.2515 0.0239 0.476
0.5029 0.4971 0.2477 0.2552 0.0252 0.4719
0.5003 0.4997 0.2443 0.256 0.0253 0.4744
0.4981 0.5019 0.2438 0.2543 0.0267 0.4752
0.497 0.503 0.2543 0.2427 0.0244 0.4786
0.5049 0.4951 0.2543 0.2506 0.0229 0.4722
0.5058 0.4942 0.2589 0.2469 0.0224 0.4718
0.4992 0.5008 0.247 0.2522 0.0278 0.473
0.4938 0.5062 0.2488 0.245 0.0267 0.4795
0.5027 0.4973 0.2526 0.2501 0.0249 0.4724
0.489 0.511 0.2464 0.2426 0.0265 0.4845
0.4966 0.5034 0.2448 0.2518 0.0253 0.4781
0.4963 0.5037 0.251 0.2453 0.0263 0.4774
0.4923 0.5077 0.2463 0.246 0.026 0.4817
0.4989 0.5011 0.2566 0.2423 0.0258 0.4753
0.5017 0.4983 0.2506 0.2511 0.0238 0.4745
0.4996 0.5004 0.246 0.2536 0.0283 0.4721
0.4971 0.5029 0.2524 0.2447 0.0257 0.4772
0.4975 0.5025 0.2458 0.2517 0.0255 0.477
0.4984 0.5016 0.2479 0.2505 0.0242 0.4774
0.5016 0.4984 0.2503 0.2513 0.0244 0.474
0.5058 0.4942 0.2475 0.2583 0.023 0.4712
0.5033 0.4967 0.2508 0.2525 0.0248 0.4719
0.5041 0.4959 0.2413 0.2628 0.0241 0.4718
0.498 0.502 0.2466 0.2514 0.0267 0.4753
0.5051 0.4949 0.2548 0.2503 0.0258 0.4691
0.4956 0.5044 0.2473 0.2483 0.0235 0.4809
0.501 0.499 0.2476 0.2534 0.0256 0.4734
0.5072 0.4928 0.2592 0.248 0.0231 0.4697
0.4982 0.5018 0.2498 0.2484 0.0233 0.4785
0.4998 0.5002 0.251 0.2488 0.0244 0.4758
0.4999 0.5001 0.2511 0.2488 0.0241 0.476
0.5061 0.4939 0.2519 0.2542 0.0271 0.4668
0.5048 0.4952 0.2529 0.2519 0.0238 0.4714
0.4973 0.5027 0.247 0.2503 0.0249 0.4778
0.495 0.505 0.2458 0.2492 0.0263 0.4787
0.5046 0.4954 0.2521 0.2525 0.0254 0.47
0.5051 0.4949 0.2598 0.2453 0.0245 0.4704
