0.5024 0.4976 0.2482 0.2542 0.049 0.4486
0.5043 0.4957 0.2606 0.2437 0.0527 0.443
0.4864 0.5136 0.2417 0.2447 0.0556 0.458
0.4919 0.5081 0.2408 0.2511 0.0506 0.4575
0.4999 0.5001 0.2476 0.2523 0.0534 0.4467
0.4972 0.5028 0.2513 0.2459 0.0472 0.4556
0.5 0.5 0.248 0.252 0.0493 0.4507
0.4931 0.5069 0.2483 0.2448 0.0512 0.4557
0.4971 0.5029 0.2453 0.2518 0.0529 0.45
0.496 0.504 0.2436 0.2524 0.0476 0.4564
0.5038 0.4962 0.2469 0.2569 0.0497 0.4465
0.4966 0.5034 0.2424 0.2542 0.0473 0.4561
0.502 0.498 0.259 0.243 0.0537 0.4443
0.5003 0.4997 0.2477 0.2526 0.0502 0.4495
0.5008 0.4992 0.2541 0.2467 0.0496 0.4496
0.5011 0.4989 0.2529 0.2482 0.0507 0.4482
0.493 0.507 0.2438 0.2492 0.0511 0.4559
0.4982 0.5018 0.2484 0.2498 0.0499 0.4519
0.5014 0.4986 0.2525 0.2489 0.0475 0.4511
0.4967 0.5033 0.2524 0.2443 0.0481 0.4552
0.4987 0.5013 0.2472 0.2515 0.0512 0.4501
0.492 0.508 0.2475 0.2445 0.0507 0.4573
0.5006 0.4994 0.2504 0.2502 0.0561 0.4433
0.5091 0.4909 0.262 0.2471 0.0516 0.4393
0.5048 0.4952 0.2504 0.2544 0.0481 0.4471
0.5086 0.4914 0.2557 0.2529 0.0492 0.4422
0.5084 0.4916 0.2602 0.2482 0.0508 0.4408
0.5029 0.4971 0.2523 0.2506 0.0465 0.4506
0.5041 0.4959 0.2548 0.2493 0.049 0.4469
0.5009 0.4991 0.2545 0.2464 0.05 0.4491
0.5008 0.4992 0.2488 0.252 0.051 0.4482
0.5015 0.4985 0.2438 0.2577 0.0471 0.4514
0.4995 0.5005 0.2387 0.2608 0.051 0.4495
0.4968 0.5032 0.2466 0.2502 0.0453 0.4579
0.4984 0.5016 0.247 0.2514 0.0479 0.4537
0.4981 0.5019 0.2495 0.2486 0.0502 0.4517
0.4947 0.5053 0.2423 0.2524 0.0511 0.4542
0.4972 0.5028 0.2495 0.2477 0.0519 0.4509
0.4945 0.5055 0.2471 0.2474 0.0517 0.4538
0.492 0.508 0.2431 0.2489 0.052 0.456
0.5008 0.4992 0.2569 0.2439 0.0543 0.4449
0.4964 0.5036 0.2519 0.2445 0.0556 0.448
0.4938 0.5062 0.2406 0.2532 0.0495 0.4567
0.5024 0.4976 0.2492 0.2532 0.0485 0.4491
0.5001 0.4999 0.2457 0.2544 0.0497 0.4502
0.5028 0.4972 0.251 0.2518 0.0483 0.4489
0.4973 0.5027 0.2429 0.2544 0.049 0.4537
0.4971 0.5029 0.2459 0.2512 0.0474 0.4555
0.4962 0.5038 0.2485 0.2477 0.0505 0.4533
0.5059 0.4941 0.2583 0.2476 0.046 0.4481
0.4983 0.5017 0.2478 0.2505 0.0502 0.4515
0.506 0.494 0.2511 0.2549 0.0482 0.4458
0.5045 0.4955 0.2525 0.252 0.0472 0.4483
0.4921 0.5079 0.244 0.2481 0.0487 0.4592
0.5136 0.4864 0.2557 0.2579 0.0464 0.44
0.4924 0.5076 0.2422 0.2502 0.0506 0.457
0.4999 0.5001 0.2498 0.2501 0.0502 0.4499
0.5033 0.4967 0.2599 0.2434 0.0495 0.4472
0.4995 0.5005 0.2511 0.2484 0.0495 0.451
0.504 0.496 0.2513 0.2527 0.0487 0.4473
0.4946 0.5054 0.2484 0.2462 0.0495 0.4559
0.5001 0.4999 0.2478 0.2523 0.048 0.4519
0.5004 0.4996 0.2546 0.2458 0.0542 0.4454
0.4956 0.5044 0.2448 0.2508 0.0496 0.4548
0.5034 0.4966 0.2515 0.2519 0.0537 0.4429
0.4948 0.5052 0.2496 0.2452 0.0503 0.4549
0.5073 0.4927 0.2566 0.2507 0.0458 0.4469
0.5022 0.4978 0.2513 0.2509 0.0499 0.4479
0.4918 0.5082 0.2506 0.2412 0.0506 0.4576
0.4992 0.5008 0.2484 0.2508 0.0498 0.451
0.4992 0.5008 0.2502 0.249 0.0488 0.452
0.4985 0.5015 0.2427 0.2558 0.052 0.4495
0.4968 0.5032 0.2444 0.2524 0.0478 0.4554
0.5027 0.4973 0.2566 0.2461 0.0464 0.4509
0.4986 0.5014 0.2495 0.2491 0.0555 0.4459
0.4908 0.5092 0.2421 0.2487 0.0484 0.4608
0.4944 0.5056 0.2433 0.2511 0.0508 0.4548
0.5052 0.4948 0.2498 0.2554 0.0473 0.4475
0.4979 0.5021 0.2528 0.2451 0.0501 0.452
0.5015 0.4985 0.2495 0.252 0.0506 0.4479
0.4958 0.5042 0.2456 0.2502 0.0498 0.4544
0.5035 0.4965 0.254 0.2495 0.0519 0.4446
0.5016 0.4984 0.2497 0.2519 0.0533 0.4451
0.4994 0.5006 0.251 0.2484 0.0508 0.4498
0.5001 0.4999 0.25 0.2501 0.0522 0.4477
0.4909 0.5091 0.2417 0.2492 0.0549 0.4542
0.4952 0.5048 0.2455 0.2497 0.0529 0.4519
0.505 0.495 0.2408 0.2642 0.0461 0.4489
0.4951 0.5049 0.2484 0.2467 0.0488 0.4561
0.4977 0.5023 0.251 0.2467 0.0506 0.4517
0.4972 0.5028 0.2518 0.2454 0.0481 0.4547
0.5114 0.4886 0.2487 0.2627 0.0449 0.4437
0.4949 0.5051 0.2471 0.2478 0.0496 0.4555
0.5015 0.4985 0.254 0.2475 0.0499 0.4486
0.4932 0.5068 0.2414 0.2518 0.05 0.4568
0.4924 0.5076 0.2509 0.2415 0.0503 0.4573
0.5027 0.4973 0.2484 0.2543 0.0485 0.4488
0.5006 0.4994 0.2502 0.2504 0.0484 0.451
0.5005 0.4995 0.2441 0.2564 0.0472 0.4523
0.5059 0.4941 0.2525 0.2534 0.0445 0.4496
0.4956 0.5044 0.2441 0.2515 0.0509 0.4535
0.5001 0.4999 0.2493 0.2508 0.0525 0.4474
0.506 0.494 0.2558 0.2502 0.0494 0.4446
0.5046 0.4954 0.2484 0.2562 0.0502 0.4452
0.4986 0.5014 0.2481 0.2505 0.0492 0.4522
0.5035 0.4965 0.2606 0.2429 0.0523 0.4442
0.5091 0.4909 0.2548 0.2543 0.0515 0.4394
0.4999 0.5001 0.2472 0.2527 0.0503 0.4498
0.4997 0.5003 0.2498 0.2499 0.0512 0.4491
0.4978 0.5022 0.2484 0.2494 0.0505 0.4517
0.5076 0.4924 0.257 0.2506 0.0523 0.4401
0.4999 0.5001 0.2518 0.2481 0.054 0.4461
0.494 0.506 0.2485 0.2455 0.0509 0.4551
0.4968 0.5032 0.2479 0.2489 0.0482 0.455
0.4978 0.5022 0.2487 0.2491 0.0487 0.4535
0.4999 0.5001 0.2477 0.2522 0.0485 0.4516
0.4983 0.5017 0.2465 0.2518 0.0478 0.4539
0.4932 0.5068 0.2439 0.2493 0.046 0.4608
0.5046 0.4954 0.2533 0.2513 0.0506 0.4448
0.5 0.5 0.2468 0.2532 0.0517 0.4483
0.4974 0.5026 0.2448 0.2526 0.0503 0.4523
0.5047 0.4953 0.2493 0.2554 0.0474 0.4479
0.4914 0.5086 0.2418 0.2496 0.0469 0.4617
0.4959 0.5041 0.2454 0.2505 0.0503 0.4538
0.4953 0.5047 0.2533 0.242 0.0548 0.4499
0.5003 0.4997 0.254 0.2463 0.0496 0.4501
0.4987 0.5013 0.2471 0.2516 0.0526 0.4487
0.4969 0.5031 0.2506 0.2463 0.0495 0.4536
0.5062 0.4938 0.2494 0.2568 0.047 0.4468
0.4984 0.5016 0.2518 0.2466 0.0525 0.4491
0.4968 0.5032 0.2479 0.2489 0.0476 0.4556
0.4989 0.5011 0.2512 0.2477 0.0504 0.4507
0.4991 0.5009 0.2556 0.2435 0.0501 0.4508
0.494 0.506 0.2444 0.2496 0.0486 0.4574
0.5068 0.4932 0.2569 0.2499 0.0463 0.4469
0.504 0.496 0.2536 0.2504 0.0489 0.4471
0.5023 0.4977 0.2497 0.2526 0.0511 0.4466
0.5039 0.4961 0.2564 0.2475 0.0442 0.4519
0.4992 0.5008 0.2522 0.247 0.0495 0.4513
0.5093 0.4907 0.2537 0.2556 0.0487 0.442
0.5036 0.4964 0.2487 0.2549 0.051 0.4454
0.4995 0.5005 0.2498 0.2497 0.0522 0.4483
0.5057 0.4943 0.253 0.2527 0.0486 0.4457
0.5091 0.4909 0.2615 0.2476 0.048 0.4429
0.4998 0.5002 0.2465 0.2533 0.0476 0.4526
0.4948 0.5052 0.2529 0.2419 0.0499 0.4553
0.4978 0.5022 0.247 0.2508 0.0508 0.4514
0.5014 0.4986 0.2536 0.2478 0.0467 0.4519
0.5023 0.4977 0.2483 0.254 0.048 0.4497
0.4997 0.5003 0.2468 0.2529 0.0524 0.4479
0.5051 0.4949 0.2522 0.2529 0.0493 0.4456
0.4925 0.5075 0.2476 0.2449 0.0505 0.457
0.498 0.502 0.2548 0.2432 0.0491 0.4529
0.5002 0.4998 0.2479 0.2523 0.0511 0.4487
0.4995 0.5005 0.2523 0.2472 0.0496 0.4509
0.4976 0.5024 0.2526 0.245 0.0472 0.4552
0.4962 0.5038 0.2508 0.2454 0.0515 0.4523
0.4962 0.5038 0.251 0.2452 0.0469 0.4569
0.4964 0.5036 0.2476 0.2488 0.0453 0.4583
0.4986 0.5014 0.2501 0.2485 0.0523 0.4491
0.5036 0.4964 0.2479 0.2557 0.0517 0.4447
0.4991 0.5009 0.2519 0.2472 0.0487 0.4522
0.5004 0.4996 0.2493 0.2511 0.0483 0.4513
0.4975 0.5025 0.2457 0.2518 0.0482 0.4543
0.5018 0.4982 0.2484 0.2534 0.0482 0.45
0.5051 0.4949 0.2529 0.2522 0.0482 0.4467
0.5055 0.4945 0.2499 0.2556 0.047 0.4475
0.511 0.489 0.2538 0.2572 0.0507 0.4383
0.5058 0.4942 0.2538 0.252 0.0481 0.4461
0.5076 0.4924 0.2489 0.2587 0.0504 0.442
0.5006 0.4994 0.251 0.2496 0.0495 0.4499
0.4993 0.5007 0.2552 0.2441 0.0489 0.4518
0.5006 0.4994 0.2554 0.2452 0.0471 0.4523
0.5012 0.4988 0.2498 0.2514 0.0506 0.4482
0.5003 0.4997 0.2466 0.2537 0.049 0.4507
0.5063 0.4937 0.254 0.2523 0.0481 0.4456
0.4936 0.5064 0.2505 0.2431 0.052 0.4544
0.4989 0.5011 0.2388 0.2601 0.0487 0.4524
0.5044 0.4956 0.2539 0.2505 0.0499 0.4457
0.4978 0.5022 0.2527 0.2451 0.0482 0.454
0.5048 0.4952 0.2577 0.2471 0.05 0.4452
0.5076 0.4924 0.2551 0.2525 0.0506 0.4418
0.4978 0.5022 0.2465 0.2513 0.0513 0.4509
0.4997 0.5003 0.2472 0.2525 0.05 0.4503
0.5044 0.4956 0.2539 0.2505 0.0515 0.4441
0.5003 0.4997 0.2515 0.2488 0.0496 0.4501
0.5071 0.4929 0.2545 0.2526 0.0491 0.4438
0.4945 0.5055 0.2456 0.2489 0.0533 0.4522
0.4987 0.5013 0.2482 0.2505 0.0524 0.4489
0.5054 0.4946 0.2568 0.2486 0.0499 0.4447
0.5024 0.4976 0.262 0.2404 0.0492 0.4484
0.4994 0.5006 0.2499 0.2495 0.0488 0.4518
0.503 0.497 0.2497 0.2533 0.0508 0.4462
0.5095 0.4905 0.2574 0.2521 0.0516 0.4389
0.5069 0.4931 0.2545 0.2524 0.0482 0.4449
0.4982 0.5018 0.2547 0.2435 0.0469 0.4549
0.5013 0.4987 0.2422 0.2591 0.0494 0.4493
0.4983 0.5017 0.2528 0.2455 0.0495 0.4522
0.503 0.497 0.2568 0.2462 0.0506 0.4464
0.5054 0.4946 0.2558 0.2496 0.0538 0.4408
0.4963 0.5037 0.2486 0.2477 0.049 0.4547
0.4909 0.5091 0.2414 0.2495 0.0466 0.4625
0.5045 0.4955 0.2605 0.244 0.0515 0.444
0.5105 0.4895 0.2556 0.2549 0.0474 0.4421
0.5018 0.4982 0.2452 0.2566 0.046 0.4522
0.4988 0.5012 0.2478 0.251 0.0478 0.4534
0.4984 0.5016 0.2508 0.2476 0.0509 0.4507
0.5084 0.4916 0.2561 0.2523 0.0499 0.4417
0.4972 0.5028 0.2478 0.2494 0.0482 0.4546
0.5121 0.4879 0.2522 0.2599 0.0504 0.4375
0.5009 0.4991 0.25 0.2509 0.0525 0.4466
0.4919 0.5081 0.2446 0.2473 0.0517 0.4564
0.51 0.49 0.2488 0.2612 0.0462 0.4438
0.5015 0.4985 0.2517 0.2498 0.048 0.4505
0.5054 0.4946 0.2507 0.2547 0.0488 0.4458
0.498 0.502 0.2452 0.2528 0.048 0.454
0.4971 0.5029 0.248 0.2491 0.0461 0.4568
0.4977 0.5023 0.2527 0.245 0.0523 0.45
0.5006 0.4994 0.2522 0.2484 0.0475 0.4519
0.5014 0.4986 0.2512 0.2502 0.0499 0.4487
0.5021 0.4979 0.2517 0.2504 0.0524 0.4455
0.4998 0.5002 0.249 0.2508 0.0502 0.45
0.4927 0.5073 0.2472 0.2455 0.0516 0.4557
0.5011 0.4989 0.2535 0.2476 0.0509 0.448
0.497 0.503 0.2545 0.2425 0.0491 0.4539
0.5019 0.4981 0.2559 0.246 0.0523 0.4458
0.4999 0.5001 0.2502 0.2497 0.0498 0.4503
0.5007 0.4993 0.2448 0.2559 0.0508 0.4485
0.4916 0.5084 0.2398 0.2518 0.0568 0.4516
0.5028 0.4972 0.2474 0.2554 0.0502 0.447
0.5003 0.4997 0.2487 0.2516 0.0497 0.45
0.501 0.499 0.2521 0.2489 0.0496 0.4494
0.5016 0.4984 0.2471 0.2545 0.05 0.4484
0.4959 0.5041 0.2484 0.2475 0.0519 0.4522
0.5034 0.4966 0.2436 0.2598 0.0502 0.4464
0.5058 0.4942 0.2497 0.2561 0.0506 0.4436
0.4938 0.5062 0.2468 0.247 0.0493 0.4569
0.5011 0.4989 0.2448 0.2563 0.0473 0.4516
0.502 0.498 0.2509 0.2511 0.0437 0.4543
0.4942 0.5058 0.2484 0.2458 0.0519 0.4539
0.4924 0.5076 0.2521 0.2403 0.0465 0.4611
0.4981 0.5019 0.2484 0.2497 0.0517 0.4502
0.5028 0.4972 0.2503 0.2525 0.048 0.4492
0.497 0.503 0.2443 0.2527 0.0477 0.4553
0.5019 0.4981 0.2545 0.2474 0.0485 0.4496
0.5021 0.4979 0.2575 0.2446 0.0494 0.4485
0.5 0.5 0.2494 0.2506 0.0471 0.4529
0.5055 0.4945 0.2504 0.2551 0.0503 0.4442
0.5072 0.4928 0.2545 0.2527 0.0555 0.4373
0.5017 0.4983 0.2559 0.2458 0.0451 0.4532
0.5053 0.4947 0.2559 0.2494 0.047 0.4477
0.4948 0.5052 0.2536 0.2412 0.0515 0.4537
0.5052 0.4948 0.2495 0.2557 0.0489 0.4459
0.4977 0.5023 0.2536 0.2441 0.0504 0.4519
0.4992 0.5008 0.2503 0.2489 0.048 0.4528
0.507 0.493 0.2525 0.2545 0.0452 0.4478
0.5023 0.4977 0.254 0.2483 0.0503 0.4474
0.5032 0.4968 0.255 0.2482 0.0477 0.4491
0.4992 0.5008 0.2586 0.2406 0.0491 0.4517
0.5003 0.4997 0.2572 0.2431 0.0532 0.4465
0.4976 0.5024 0.25 0.2476 0.0537 0.4487
0.4879 0.5121 0.2459 0.242 0.051 0.4611
0.4966 0.5034 0.2493 0.2473 0.048 0.4554
0.5004 0.4996 0.2493 0.2511 0.0489 0.4507
0.5042 0.4958 0.2512 0.253 0.0484 0.4474
0.4993 0.5007 0.2528 0.2465 0.0517 0.449
0.5025 0.4975 0.2532 0.2493 0.0459 0.4516
0.4989 0.5011 0.2516 0.2473 0.048 0.4531
0.5006 0.4994 0.2476 0.253 0.0499 0.4495
0.4949 0.5051 0.2469 0.248 0.0511 0.454
0.4989 0.5011 0.2551 0.2438 0.0507 0.4504
0.4963 0.5037 0.2445 0.2518 0.0503 0.4534
0.4974 0.5026 0.2542 0.2432 0.0489 0.4537
0.4974 0.5026 0.2499 0.2475 0.0504 0.4522
0.4999 0.5001 0.245 0.2549 0.0533 0.4468
0.4979 0.5021 0.2512 0.2467 0.0522 0.4499
0.4956 0.5044 0.2426 0.253 0.0491 0.4553
0.4924 0.5076 0.2418 0.2506 0.0507 0.4569
0.4987 0.5013 0.2503 0.2484 0.0482 0.4531
0.5082 0.4918 0.254 0.2542 0.0476 0.4442
0.4996 0.5004 0.2544 0.2452 0.0492 0.4512
0.4972 0.5028 0.2489 0.2483 0.0493 0.4535
0.5007 0.4993 0.2553 0.2454 0.0514 0.4479
0.4946 0.5054 0.2406 0.254 0.0504 0.455
0.5033 0.4967 0.2578 0.2455 0.0519 0.4448
0.4943 0.5057 0.2464 0.2479 0.0486 0.4571
0.5025 0.4975 0.2493 0.2532 0.0499 0.4476
0.5056 0.4944 0.2564 0.2492 0.0503 0.4441
0.5074 0.4926 0.251 0.2564 0.0482 0.4444
0.5092 0.4908 0.2557 0.2535 0.051 0.4398
0.4994 0.5006 0.2536 0.2458 0.0501 0.4505
0.5058 0.4942 0.2526 0.2532 0.0485 0.4457
0.4965 0.5035 0.2522 0.2443 0.0551 0.4484
0.5017 0.4983 0.2562 0.2455 0.0523 0.446
0.4957 0.5043 0.2509 0.2448 0.052 0.4523
0.4936 0.5064 0.2435 0.2501 0.0479 0.4585
0.5168 0.4832 0.2562 0.2606 0.0478 0.4354
0.4996 0.5004 0.2544 0.2452 0.0496 0.4508
0.5012 0.4988 0.2448 0.2564 0.0516 0.4472
0.5062 0.4938 0.2469 0.2593 0.0503 0.4435
0.5012 0.4988 0.2502 0.251 0.0465 0.4523
0.4968 0.5032 0.2519 0.2449 0.0471 0.4561
0.5049 0.4951 0.2514 0.2535 0.0526 0.4425
0.5014 0.4986 0.2543 0.2471 0.0488 0.4498
0.4981 0.5019 0.2491 0.249 0.0493 0.4526
0.4991 0.5009 0.2521 0.247 0.0516 0.4493
0.4964 0.5036 0.2521 0.2443 0.0521 0.4515
0.4966 0.5034 0.2515 0.2451 0.049 0.4544
0.5029 0.4971 0.2558 0.2471 0.0499 0.4472
0.5026 0.4974 0.2551 0.2475 0.0489 0.4485
0.5068 0.4932 0.2612 0.2456 0.053 0.4402
0.4952 0.5048 0.2488 0.2464 0.05 0.4548
0.4979 0.5021 0.2504 0.2475 0.0479 0.4542
0.493 0.507 0.2438 0.2492 0.0496 0.4574
0.5013 0.4987 0.2472 0.2541 0.0489 0.4498
0.4998 0.5002 0.2518 0.248 0.0535 0.4467
0.4953 0.5047 0.2461 0.2492 0.0514 0.4533
0.5082 0.4918 0.2562 0.252 0.0527 0.4391
0.5017 0.4983 0.2545 0.2472 0.0526 0.4457
0.5028 0.4972 0.2456 0.2572 0.0488 0.4484
0.5032 0.4968 0.2538 0.2494 0.0516 0.4452
0.4993 0.5007 0.2527 0.2466 0.0504 0.4503
0.504 0.496 0.2553 0.2487 0.0479 0.4481
0.5026 0.4974 0.2475 0.2551 0.0494 0.448
0.4995 0.5005 0.2499 0.2496 0.0461 0.4544
0.5089 0.4911 0.2509 0.258 0.0496 0.4415
0.4967 0.5033 0.246 0.2507 0.0504 0.4529
0.5047 0.4953 0.2577 0.247 0.053 0.4423
0.4898 0.5102 0.2457 0.2441 0.0509 0.4593
0.5059 0.4941 0.2459 0.26 0.0488 0.4453
0.4997 0.5003 0.2494 0.2503 0.048 0.4523
0.4928 0.5072 0.2452 0.2476 0.0476 0.4596
0.4954 0.5046 0.2453 0.2501 0.0485 0.4561
0.5074 0.4926 0.2474 0.26 0.0496 0.443
0.4987 0.5013 0.2428 0.2559 0.0518 0.4495
0.4959 0.5041 0.2434 0.2525 0.0491 0.455
0.4886 0.5114 0.2455 0.2431 0.0494 0.462
0.5077 0.4923 0.2556 0.2521 0.0478 0.4445
0.4909 0.5091 0.2494 0.2415 0.053 0.4561
0.5008 0.4992 0.2498 0.251 0.0506 0.4486
0.4963 0.5037 0.2484 0.2479 0.0495 0.4542
0.4997 0.5003 0.2462 0.2535 0.0471 0.4532
0.5005 0.4995 0.2441 0.2564 0.0504 0.4491
0.494 0.506 0.2485 0.2455 0.0464 0.4596
0.4981 0.5019 0.2457 0.2524 0.0492 0.4527
0.5002 0.4998 0.2487 0.2515 0.0501 0.4497
0.5041 0.4959 0.2502 0.2539 0.0496 0.4463
0.4981 0.5019 0.2428 0.2553 0.0503 0.4516
0.5195 0.4805 0.2567 0.2628 0.0476 0.4329
0.4967 0.5033 0.2476 0.2491 0.0509 0.4524
0.4973 0.5027 0.2475 0.2498 0.0512 0.4515
0.4919 0.5081 0.2487 0.2432 0.0512 0.4569
0.4982 0.5018 0.2429 0.2553 0.0502 0.4516
0.496 0.504 0.2505 0.2455 0.0513 0.4527
0.4961 0.5039 0.2482 0.2479 0.0517 0.4522
0.4971 0.5029 0.252 0.2451 0.0521 0.4508
0.5004 0.4996 0.2525 0.2479 0.0492 0.4504
0.4994 0.5006 0.2495 0.2499 0.0476 0.453
0.5016 0.4984 0.2486 0.253 0.0446 0.4538
0.5136 0.4864 0.2624 0.2512 0.0491 0.4373
0.5032 0.4968 0.2416 0.2616 0.0462 0.4506
0.4946 0.5054 0.2459 0.2487 0.0538 0.4516
0.5028 0.4972 0.2466 0.2562 0.0485 0.4487
0.4985 0.5015 0.2476 0.2509 0.0463 0.4552
0.5005 0.4995 0.2485 0.252 0.0447 0.4548
0.4916 0.5084 0.2535 0.2381 0.0502 0.4582
0.5048 0.4952 0.252 0.2528 0.0488 0.4464
0.5095 0.4905 0.2579 0.2516 0.0518 0.4387
0.5052 0.4948 0.2511 0.2541 0.0443 0.4505
0.5078 0.4922 0.2555 0.2523 0.0505 0.4417
0.4978 0.5022 0.2495 0.2483 0.0516 0.4506
0.4999 0.5001 0.2527 0.2472 0.0538 0.4463
0.5011 0.4989 0.2508 0.2503 0.0512 0.4477
0.4969 0.5031 0.2472 0.2497 0.0514 0.4517
0.4933 0.5067 0.2431 0.2502 0.0541 0.4526
0.503 0.497 0.2522 0.2508 0.0509 0.4461
0.5009 0.4991 0.2475 0.2534 0.0454 0.4537
0.5018 0.4982 0.2558 0.246 0.0537 0.4445
0.4959 0.5041 0.2418 0.2541 0.053 0.4511
0.5002 0.4998 0.2524 0.2478 0.0468 0.453
0.5071 0.4929 0.253 0.2541 0.0494 0.4435
0.4934 0.5066 0.2505 0.2429 0.0491 0.4575
0.5014 0.4986 0.2535 0.2479 0.049 0.4496
0.4976 0.5024 0.2473 0.2503 0.0539 0.4485
0.4949 0.5051 0.245 0.2499 0.0501 0.455
0.4984 0.5016 0.2493 0.2491 0.0492 0.4524
0.4978 0.5022 0.2424 0.2554 0.0542 0.448
0.4955 0.5045 0.2389 0.2566 0.0517 0.4528
0.5039 0.4961 0.2557 0.2482 0.0526 0.4435
0.4971 0.5029 0.2437 0.2534 0.0503 0.4526
0.4989 0.5011 0.2536 0.2453 0.0503 0.4508
0.5094 0.4906 0.2514 0.258 0.0498 0.4408
0.5031 0.4969 0.2523 0.2508 0.0551 0.4418
0.4931 0.5069 0.2442 0.2489 0.0498 0.4571
0.4936 0.5064 0.2503 0.2433 0.0545 0.4519
0.4961 0.5039 0.2563 0.2398 0.0525 0.4514
0.4976 0.5024 0.2448 0.2528 0.0467 0.4557
0.5073 0.4927 0.2582 0.2491 0.0506 0.4421
0.5008 0.4992 0.2476 0.2532 0.0513 0.4479
0.497 0.503 0.2452 0.2518 0.0482 0.4548
0.4967 0.5033 0.2529 0.2438 0.0472 0.4561
0.5019 0.4981 0.2497 0.2522 0.0525 0.4456
0.4951 0.5049 0.2504 0.2447 0.0523 0.4526
0.4996 0.5004 0.2506 0.249 0.052 0.4484
0.4929 0.5071 0.2445 0.2484 0.0531 0.454
0.4987 0.5013 0.2436 0.2551 0.0487 0.4526
0.4993 0.5007 0.2498 0.2495 0.0509 0.4498
0.4985 0.5015 0.2473 0.2512 0.0495 0.452
0.4974 0.5026 0.2535 0.2439 0.0477 0.4549
0.5016 0.4984 0.2546 0.247 0.0461 0.4523
0.5014 0.4986 0.25 0.2514 0.054 0.4446
0.4871 0.5129 0.2388 0.2483 0.0541 0.4588
0.4972 0.5028 0.2599 0.2373 0.0527 0.4501
0.5076 0.4924 0.2549 0.2527 0.0476 0.4448
0.505 0.495 0.2527 0.2523 0.049 0.446
0.4916 0.5084 0.2458 0.2458 0.0491 0.4593
0.5014 0.4986 0.2478 0.2536 0.0507 0.4479
0.4967 0.5033 0.2508 0.2459 0.05 0.4533
0.4947 0.5053 0.2534 0.2413 0.0531 0.4522
0.4976 0.5024 0.2527 0.2449 0.0492 0.4532
0.5006 0.4994 0.245 0.2556 0.0514 0.448
0.5004 0.4996 0.2535 0.2469 0.0492 0.4504
0.5063 0.4937 0.2505 0.2558 0.0478 0.4459
0.4896 0.5104 0.238 0.2516 0.0517 0.4587
0.5006 0.4994 0.2496 0.251 0.0485 0.4509
0.5044 0.4956 0.2525 0.2519 0.0472 0.4484
0.4989 0.5011 0.2462 0.2527 0.0501 0.451
0.4969 0.5031 0.2548 0.2421 0.0516 0.4515
0.4956 0.5044 0.2434 0.2522 0.0533 0.4511
0.4957 0.5043 0.2462 0.2495 0.053 0.4513
0.5019 0.4981 0.2595 0.2424 0.0499 0.4482
0.5076 0.4924 0.246 0.2616 0.0446 0.4478
0.4998 0.5002 0.255 0.2448 0.0474 0.4528
0.5004 0.4996 0.2536 0.2468 0.0477 0.4519
0.503 0.497 0.2435 0.2595 0.0491 0.4479
0.4939 0.5061 0.2449 0.249 0.0506 0.4555
0.5066 0.4934 0.2489 0.2577 0.0499 0.4435
0.5024 0.4976 0.2539 0.2485 0.0524 0.4452
0.4976 0.5024 0.2504 0.2472 0.0514 0.451
0.4932 0.5068 0.2498 0.2434 0.0464 0.4604
0.4971 0.5029 0.248 0.2491 0.0498 0.4531
0.4966 0.5034 0.2502 0.2464 0.0487 0.4547
0.5014 0.4986 0.2562 0.2452 0.0508 0.4478
0.5009 0.4991 0.2484 0.2525 0.0482 0.4509
0.5014 0.4986 0.2499 0.2515 0.05 0.4486
0.4949 0.5051 0.2506 0.2443 0.0541 0.451
0.5006 0.4994 0.2558 0.2448 0.0508 0.4486
0.5013 0.4987 0.2463 0.255 0.05 0.4487
0.4989 0.5011 0.2521 0.2468 0.0529 0.4482
0.5041 0.4959 0.2511 0.253 0.052 0.4439
0.4983 0.5017 0.2557 0.2426 0.0496 0.4521
0.4907 0.5093 0.243 0.2477 0.0528 0.4565
0.4982 0.5018 0.2467 0.2515 0.0537 0.4481
0.4978 0.5022 0.2468 0.251 0.0513 0.4509
0.5019 0.4981 0.248 0.2539 0.0513 0.4468
0.5051 0.4949 0.2535 0.2516 0.0469 0.448
0.5014 0.4986 0.2444 0.257 0.0494 0.4492
0.4896 0.5104 0.242 0.2476 0.0518 0.4586
0.5052 0.4948 0.2554 0.2498 0.0502 0.4446
0.499 0.501 0.2476 0.2514 0.0483 0.4527
0.4984 0.5016 0.2485 0.2499 0.0507 0.4509
0.4966 0.5034 0.244 0.2526 0.0494 0.454
0.5015 0.4985 0.2475 0.254 0.0494 0.4491
0.5018 0.4982 0.2536 0.2482 0.0503 0.4479
0.5058 0.4942 0.2504 0.2554 0.0456 0.4486
0.4967 0.5033 0.2497 0.247 0.0547 0.4486
0.4984 0.5016 0.2484 0.25 0.0495 0.4521
0.498 0.502 0.2491 0.2489 0.0503 0.4517
0.5068 0.4932 0.2546 0.2522 0.0494 0.4438
0.5065 0.4935 0.253 0.2535 0.0517 0.4418
0.5083 0.4917 0.2535 0.2548 0.0473 0.4444
0.4991 0.5009 0.2476 0.2515 0.0471 0.4538
0.5062 0.4938 0.2503 0.2559 0.0508 0.443
0.4964 0.5036 0.2532 0.2432 0.051 0.4526
0.5002 0.4998 0.254 0.2462 0.0521 0.4477
0.4993 0.5007 0.2512 0.2481 0.0519 0.4488
0.5034 0.4966 0.2544 0.249 0.0551 0.4415
0.5062 0.4938 0.2555 0.2507 0.0509 0.4429
0.5034 0.4966 0.2485 0.2549 0.0453 0.4513
0.4988 0.5012 0.2499 0.2489 0.0502 0.451
0.5043 0.4957 0.2548 0.2495 0.0524 0.4433
0.5092 0.4908 0.2529 0.2563 0.0491 0.4417
0.5033 0.4967 0.2542 0.2491 0.0488 0.4479
0.4993 0.5007 0.2504 0.2489 0.0511 0.4496
0.5001 0.4999 0.2485 0.2516 0.0463 0.4536
0.4905 0.5095 0.2417 0.2488 0.0487 0.4608
0.5055 0.4945 0.2514 0.2541 0.0524 0.4421
0.4905 0.5095 0.2464 0.2441 0.0504 0.4591
0.5026 0.4974 0.2425 0.2601 0.0521 0.4453
0.4895 0.5105 0.2465 0.243 0.049 0.4615
0.4953 0.5047 0.2438 0.2515 0.0498 0.4549
0.5044 0.4956 0.2451 0.2593 0.0532 0.4424
0.4974 0.5026 0.254 0.2434 0.0511 0.4515
0.4995 0.5005 0.2498 0.2497 0.0476 0.4529
0.4977 0.5023 0.2562 0.2415 0.054 0.4483
0.5044 0.4956 0.2546 0.2498 0.0516 0.444
0.4982 0.5018 0.2527 0.2455 0.0552 0.4466
0.5014 0.4986 0.2516 0.2498 0.0476 0.451
0.5047 0.4953 0.2497 0.255 0.0517 0.4436
0.5009 0.4991 0.2549 0.246 0.0498 0.4493
0.5052 0.4948 0.253 0.2522 0.0469 0.4479
0.5026 0.4974 0.2533 0.2493 0.0529 0.4445
0.5014 0.4986 0.2487 0.2527 0.0497 0.4489
0.4991 0.5009 0.2512 0.2479 0.0514 0.4495
0.4943 0.5057 0.2526 0.2417 0.0513 0.4544
0.495 0.505 0.2458 0.2492 0.0527 0.4523
0.4972 0.5028 0.2425 0.2547 0.0528 0.45
0.4942 0.5058 0.2401 0.2541 0.0508 0.455
0.4972 0.5028 0.2526 0.2446 0.0466 0.4562
0.493 0.507 0.2374 0.2556 0.0497 0.4573
0.5061 0.4939 0.2544 0.2517 0.0456 0.4483
0.4964 0.5036 0.2526 0.2438 0.0522 0.4514
0.5003 0.4997 0.2583 0.242 0.0527 0.447
0.5053 0.4947 0.2494 0.2559 0.0521 0.4426
0.5009 0.4991 0.2453 0.2556 0.0489 0.4502
0.4947 0.5053 0.2469 0.2478 0.0493 0.456
0.4976 0.5024 0.2494 0.2482 0.0485 0.4539
0.4909 0.5091 0.2454 0.2455 0.0535 0.4556
0.4971 0.5029 0.2507 0.2464 0.0514 0.4515
0.4969 0.5031 0.2482 0.2487 0.0505 0.4526
0.4999 0.5001 0.2457 0.2542 0.0503 0.4498
0.5036 0.4964 0.2564 0.2472 0.0512 0.4452
0.504 0.496 0.2464 0.2576 0.0467 0.4493
0.4994 0.5006 0.2436 0.2558 0.0539 0.4467
0.4944 0.5056 0.2447 0.2497 0.0457 0.4599
0.5077 0.4923 0.257 0.2507 0.0488 0.4435
0.4874 0.5126 0.2391 0.2483 0.0539 0.4587
0.5058 0.4942 0.2457 0.2601 0.0495 0.4447
0.5039 0.4961 0.2433 0.2606 0.0443 0.4518
0.499 0.501 0.2514 0.2476 0.0461 0.4549
0.4997 0.5003 0.2511 0.2486 0.0501 0.4502
0.5077 0.4923 0.2526 0.2551 0.0497 0.4426
0.4958 0.5042 0.2502 0.2456 0.0523 0.4519
0.5012 0.4988 0.2512 0.25 0.0492 0.4496
0.4997 0.5003 0.2447 0.255 0.0534 0.4469
0.5005 0.4995 0.2495 0.251 0.0487 0.4508
0.4955 0.5045 0.2476 0.2479 0.051 0.4535
0.5006 0.4994 0.2478 0.2528 0.0506 0.4488
0.4973 0.5027 0.2518 0.2455 0.053 0.4497
0.4956 0.5044 0.2508 0.2448 0.0512 0.4532
0.508 0.492 0.2561 0.2519 0.0507 0.4413
0.5038 0.4962 0.2498 0.254 0.0512 0.445
0.5038 0.4962 0.2514 0.2524 0.0521 0.4441
0.4983 0.5017 0.2497 0.2486 0.0538 0.4479
0.499 0.501 0.2511 0.2479 0.0519 0.4491
0.5017 0.4983 0.253 0.2487 0.0492 0.4491
0.502 0.498 0.2478 0.2542 0.0454 0.4526
0.4955 0.5045 0.2533 0.2422 0.0499 0.4546
0.4942 0.5058 0.2439 0.2503 0.0524 0.4534
0.4976 0.5024 0.2494 0.2482 0.0543 0.4481
0.5055 0.4945 0.2498 0.2557 0.0508 0.4437
0.5008 0.4992 0.2514 0.2494 0.0479 0.4513
0.4992 0.5008 0.2538 0.2454 0.0488 0.452
0.5015 0.4985 0.2548 0.2467 0.0484 0.4501
0.4981 0.5019 0.2483 0.2498 0.0479 0.454
0.4988 0.5012 0.2494 0.2494 0.0485 0.4527
0.4945 0.5055 0.2507 0.2438 0.0557 0.4498
0.501 0.499 0.2513 0.2497 0.0489 0.4501
0.501 0.499 0.2527 0.2483 0.0497 0.4493
0.5035 0.4965 0.2495 0.254 0.0526 0.4439
0.5065 0.4935 0.2595 0.247 0.0487 0.4448
0.5023 0.4977 0.2577 0.2446 0.0473 0.4504
0.4907 0.5093 0.2468 0.2439 0.0549 0.4544
0.5074 0.4926 0.2564 0.251 0.0485 0.4441
0.502 0.498 0.2456 0.2564 0.0501 0.4479
0.4932 0.5068 0.2472 0.246 0.0499 0.4569
0.5039 0.4961 0.25 0.2539 0.0509 0.4452
0.4984 0.5016 0.2507 0.2477 0.0494 0.4522
0.5009 0.4991 0.2473 0.2536 0.052 0.4471
0.4991 0.5009 0.2519 0.2472 0.0475 0.4534
0.4992 0.5008 0.2492 0.25 0.0521 0.4487
0.5044 0.4956 0.2552 0.2492 0.0541 0.4415
0.5087 0.4913 0.2525 0.2562 0.0487 0.4426
0.494 0.506 0.2478 0.2462 0.0507 0.4553
0.5073 0.4927 0.2508 0.2565 0.0523 0.4404
0.5106 0.4894 0.2653 0.2453 0.0495 0.4399
0.5017 0.4983 0.2547 0.247 0.0497 0.4486
0.4909 0.5091 0.2413 0.2496 0.053 0.4561
0.498 0.502 0.2545 0.2435 0.05 0.452
0.508 0.492 0.2566 0.2514 0.0496 0.4424
0.4965 0.5035 0.2482 0.2483 0.0487 0.4548
0.5054 0.4946 0.2494 0.256 0.0483 0.4463
0.4917 0.5083 0.2455 0.2462 0.0505 0.4578
0.5029 0.4971 0.2559 0.247 0.0523 0.4448
0.5004 0.4996 0.2555 0.2449 0.0497 0.4499
0.5003 0.4997 0.2585 0.2418 0.0517 0.448
0.5018 0.4982 0.2551 0.2467 0.052 0.4462
0.4989 0.5011 0.2562 0.2427 0.0497 0.4514
0.4997 0.5003 0.2493 0.2504 0.0486 0.4517
0.5096 0.4904 0.2582 0.2514 0.0495 0.4409
0.4945 0.5055 0.25 0.2445 0.0508 0.4547
0.4975 0.5025 0.2474 0.2501 0.0488 0.4537
0.4965 0.5035 0.2498 0.2467 0.0492 0.4543
0.5029 0.4971 0.2445 0.2584 0.049 0.4481
0.5059 0.4941 0.2491 0.2568 0.0508 0.4433
0.5083 0.4917 0.2508 0.2575 0.0426 0.4491
0.5032 0.4968 0.2484 0.2548 0.0472 0.4496
0.4972 0.5028 0.2484 0.2488 0.0524 0.4504
0.4966 0.5034 0.2486 0.248 0.0505 0.4529
0.4993 0.5007 0.2458 0.2535 0.0527 0.448
0.5088 0.4912 0.2572 0.2516 0.049 0.4422
0.4984 0.5016 0.249 0.2494 0.0487 0.4529
0.4933 0.5067 0.2503 0.243 0.0555 0.4512
0.4949 0.5051 0.2439 0.251 0.046 0.4591
0.5051 0.4949 0.2523 0.2528 0.0499 0.445
0.5055 0.4945 0.255 0.2505 0.0492 0.4453
0.5093 0.4907 0.2557 0.2536 0.0506 0.4401
0.5089 0.4911 0.2565 0.2524 0.0502 0.4409
0.5039 0.4961 0.2596 0.2443 0.0519 0.4442
0.5053 0.4947 0.2486 0.2567 0.0501 0.4446
0.4999 0.5001 0.2465 0.2534 0.0522 0.4479
0.5003 0.4997 0.2551 0.2452 0.0514 0.4483
0.4978 0.5022 0.2477 0.2501 0.0553 0.4469
0.4915 0.5085 0.2475 0.244 0.0522 0.4563
0.4993 0.5007 0.2494 0.2499 0.0477 0.453
0.4985 0.5015 0.2474 0.2511 0.0499 0.4516
0.4994 0.5006 0.2521 0.2473 0.0491 0.4515
0.4941 0.5059 0.2487 0.2454 0.0505 0.4554
0.4965 0.5035 0.2522 0.2443 0.0543 0.4492
0.5024 0.4976 0.2531 0.2493 0.0538 0.4438
0.4969 0.5031 0.2468 0.2501 0.052 0.4511
0.5026 0.4974 0.2516 0.251 0.0465 0.4509
0.4959 0.5041 0.2479 0.248 0.0504 0.4537
0.4998 0.5002 0.2525 0.2473 0.0489 0.4513
0.5074 0.4926 0.2539 0.2535 0.0433 0.4493
0.5 0.5 0.2514 0.2486 0.046 0.454
0.4992 0.5008 0.2538 0.2454 0.053 0.4478
0.4934 0.5066 0.2472 0.2462 0.0473 0.4593
0.501 0.499 0.2511 0.2499 0.051 0.448
0.4974 0.5026 0.2525 0.2449 0.0503 0.4523
0.4969 0.5031 0.2479 0.249 0.0491 0.454
0.4982 0.5018 0.2525 0.2457 0.0511 0.4507
0.5044 0.4956 0.2516 0.2528 0.0498 0.4458
0.4949 0.5051 0.2494 0.2455 0.0529 0.4522
0.5092 0.4908 0.2551 0.2541 0.0496 0.4412
0.5066 0.4934 0.2557 0.2509 0.0481 0.4453
0.5002 0.4998 0.2529 0.2473 0.0513 0.4485
0.5078 0.4922 0.255 0.2528 0.0527 0.4395
0.4979 0.5021 0.2457 0.2522 0.0531 0.449
0.508 0.492 0.2573 0.2507 0.0516 0.4404
0.5102 0.4898 0.2621 0.2481 0.0485 0.4413
0.4988 0.5012 0.2514 0.2474 0.0516 0.4496
0.5055 0.4945 0.2529 0.2526 0.0497 0.4448
0.4974 0.5026 0.2491 0.2483 0.0481 0.4545
0.5009 0.4991 0.2502 0.2507 0.0488 0.4503
0.497 0.503 0.248 0.249 0.0482 0.4548
0.4947 0.5053 0.248 0.2467 0.0507 0.4546
0.501 0.499 0.2528 0.2482 0.0515 0.4475
0.5024 0.4976 0.249 0.2534 0.0479 0.4497
0.5043 0.4957 0.2481 0.2562 0.0498 0.4459
0.5096 0.4904 0.2582 0.2514 0.0502 0.4402
0.4985 0.5015 0.2516 0.2469 0.0484 0.4531
0.5079 0.4921 0.2564 0.2515 0.0489 0.4432
0.4985 0.5015 0.2488 0.2497 0.052 0.4495
0.51 0.49 0.2535 0.2565 0.0502 0.4398
0.4932 0.5068 0.2497 0.2435 0.0468 0.46
0.502 0.498 0.2508 0.2512 0.0498 0.4482
0.4987 0.5013 0.2503 0.2484 0.0529 0.4484
0.5052 0.4948 0.2536 0.2516 0.0482 0.4466
0.4945 0.5055 0.2462 0.2483 0.0561 0.4494
0.494 0.506 0.2431 0.2509 0.0509 0.4551
0.4975 0.5025 0.2462 0.2513 0.0491 0.4534
0.4908 0.5092 0.2502 0.2406 0.0516 0.4576
0.4927 0.5073 0.2538 0.2389 0.0508 0.4565
0.5057 0.4943 0.2535 0.2522 0.0517 0.4426
0.4977 0.5023 0.2497 0.248 0.0516 0.4507
0.5085 0.4915 0.2491 0.2594 0.0515 0.44
0.4985 0.5015 0.2462 0.2523 0.0504 0.4511
0.4999 0.5001 0.2471 0.2528 0.0501 0.45
0.5005 0.4995 0.2477 0.2528 0.0508 0.4487
0.4979 0.5021 0.2468 0.2511 0.0489 0.4532
0.5033 0.4967 0.2546 0.2487 0.045 0.4517
0.4994 0.5006 0.2524 0.247 0.0511 0.4495
0.4933 0.5067 0.246 0.2473 0.0527 0.454
0.4936 0.5064 0.2492 0.2444 0.0479 0.4585
0.5014 0.4986 0.2471 0.2543 0.0523 0.4463
0.5076 0.4924 0.2571 0.2505 0.0459 0.4465
0.4967 0.5033 0.2518 0.2449 0.0494 0.4539
0.5081 0.4919 0.2528 0.2553 0.0513 0.4406
0.5015 0.4985 0.2509 0.2506 0.051 0.4475
0.5099 0.4901 0.2565 0.2534 0.0533 0.4368
0.5084 0.4916 0.257 0.2514 0.0502 0.4414
0.4969 0.5031 0.2473 0.2496 0.0453 0.4578
0.5081 0.4919 0.2568 0.2513 0.0506 0.4413
0.4974 0.5026 0.2401 0.2573 0.0477 0.4549
0.5009 0.4991 0.2457 0.2552 0.0507 0.4484
0.4987 0.5013 0.2476 0.2511 0.0511 0.4502
0.5053 0.4947 0.2518 0.2535 0.0508 0.4439
0.5027 0.4973 0.2539 0.2488 0.0472 0.4501
0.5001 0.4999 0.2466 0.2535 0.0499 0.45
0.5005 0.4995 0.2495 0.251 0.052 0.4475
0.5046 0.4954 0.257 0.2476 0.0489 0.4465
0.5082 0.4918 0.2569 0.2513 0.0463 0.4455
0.5045 0.4955 0.2592 0.2453 0.0512 0.4443
0.5063 0.4937 0.2442 0.2621 0.0486 0.4451
0.5063 0.4937 0.2564 0.2499 0.0468 0.4469
0.5012 0.4988 0.2501 0.2511 0.0505 0.4483
0.493 0.507 0.2454 0.2476 0.0513 0.4557
0.4901 0.5099 0.2426 0.2475 0.0521 0.4578
0.5018 0.4982 0.2504 0.2514 0.0532 0.445
0.4991 0.5009 0.2471 0.252 0.0482 0.4527
0.5021 0.4979 0.2525 0.2496 0.0465 0.4514
0.4998 0.5002 0.2513 0.2485 0.0503 0.4499
0.5078 0.4922 0.2615 0.2463 0.0467 0.4455
0.4904 0.5096 0.2424 0.248 0.0456 0.464
0.4899 0.5101 0.2453 0.2446 0.0519 0.4582
0.5023 0.4977 0.242 0.2603 0.0516 0.4461
0.5093 0.4907 0.2503 0.259 0.0508 0.4399
0.506 0.494 0.2438 0.2622 0.0533 0.4407
0.4972 0.5028 0.2436 0.2536 0.0485 0.4543
0.4976 0.5024 0.2487 0.2489 0.0484 0.454
0.497 0.503 0.2433 0.2537 0.0495 0.4535
0.5056 0.4944 0.2538 0.2518 0.0449 0.4495
0.5028 0.4972 0.2444 0.2584 0.0484 0.4488
0.5039 0.4961 0.2566 0.2473 0.0518 0.4443
0.4901 0.5099 0.2504 0.2397 0.0524 0.4575
0.4916 0.5084 0.244 0.2476 0.0492 0.4592
0.5048 0.4952 0.2513 0.2535 0.0509 0.4443
0.5008 0.4992 0.2425 0.2583 0.0482 0.451
0.4956 0.5044 0.2515 0.2441 0.0516 0.4528
0.4945 0.5055 0.2508 0.2437 0.0527 0.4528
0.5029 0.4971 0.2495 0.2534 0.0473 0.4498
0.4994 0.5006 0.2477 0.2517 0.0484 0.4522
0.4993 0.5007 0.247 0.2523 0.0508 0.4499
0.497 0.503 0.2492 0.2478 0.0467 0.4563
0.4951 0.5049 0.2379 0.2572 0.0508 0.4541
0.5026 0.4974 0.2535 0.2491 0.0501 0.4473
0.4952 0.5048 0.2431 0.2521 0.0528 0.452
0.5006 0.4994 0.2493 0.2513 0.0494 0.45
0.4892 0.5108 0.2415 0.2477 0.0537 0.4571
0.4991 0.5009 0.2489 0.2502 0.0511 0.4498
0.4989 0.5011 0.2487 0.2502 0.0539 0.4472
0.5039 0.4961 0.2463 0.2576 0.0501 0.446
0.5039 0.4961 0.248 0.2559 0.0476 0.4485
0.4969 0.5031 0.2465 0.2504 0.0487 0.4544
0.4966 0.5034 0.2415 0.2551 0.0501 0.4533
0.4923 0.5077 0.2473 0.245 0.0502 0.4575
0.5059 0.4941 0.2552 0.2507 0.0462 0.4479
0.4974 0.5026 0.2479 0.2495 0.0521 0.4505
0.4889 0.5111 0.2432 0.2457 0.0561 0.455
0.5095 0.4905 0.2527 0.2568 0.0501 0.4404
0.4996 0.5004 0.2484 0.2512 0.0505 0.4499
0.508 0.492 0.2555 0.2525 0.0511 0.4409
0.5071 0.4929 0.2575 0.2496 0.0541 0.4388
0.4997 0.5003 0.2464 0.2533 0.0479 0.4524
0.4969 0.5031 0.247 0.2499 0.0538 0.4493
0.4925 0.5075 0.2426 0.2499 0.0534 0.4541
0.4978 0.5022 0.2468 0.251 0.0508 0.4514
0.4922 0.5078 0.2522 0.24 0.0504 0.4574
0.4997 0.5003 0.251 0.2487 0.0473 0.453
0.4956 0.5044 0.2508 0.2448 0.0507 0.4537
0.5008 0.4992 0.2535 0.2473 0.0481 0.4511
0.5082 0.4918 0.2575 0.2507 0.0486 0.4432
0.4956 0.5044 0.2499 0.2457 0.0489 0.4555
0.4995 0.5005 0.2381 0.2614 0.0466 0.4539
0.495 0.505 0.2451 0.2499 0.0553 0.4497
0.5032 0.4968 0.2487 0.2545 0.0526 0.4442
0.5049 0.4951 0.2477 0.2572 0.0497 0.4454
0.5087 0.4913 0.2557 0.253 0.0498 0.4415
0.5043 0.4957 0.2484 0.2559 0.0502 0.4455
0.5002 0.4998 0.2506 0.2496 0.0529 0.4469
0.4889 0.5111 0.2425 0.2464 0.054 0.4571
0.4997 0.5003 0.2497 0.25 0.0505 0.4498
0.5025 0.4975 0.2539 0.2486 0.05 0.4475
0.4931 0.5069 0.2499 0.2432 0.052 0.4549
0.5053 0.4947 0.2515 0.2538 0.0456 0.4491
0.5002 0.4998 0.2483 0.2519 0.0504 0.4494
0.4964 0.5036 0.2505 0.2459 0.0473 0.4563
0.5055 0.4945 0.2552 0.2503 0.0476 0.4469
0.5144 0.4856 0.2557 0.2587 0.0482 0.4374
0.4996 0.5004 0.2489 0.2507 0.0513 0.4491
0.4944 0.5056 0.2505 0.2439 0.0499 0.4557
0.5034 0.4966 0.2518 0.2516 0.0503 0.4463
0.501 0.499 0.2542 0.2468 0.0487 0.4503
0.499 0.501 0.2528 0.2462 0.0457 0.4553
0.495 0.505 0.2484 0.2466 0.0497 0.4553
0.4952 0.5048 0.2497 0.2455 0.0486 0.4562
0.4963 0.5037 0.2472 0.2491 0.0541 0.4496
0.4984 0.5016 0.2524 0.246 0.051 0.4506
0.508 0.492 0.252 0.256 0.0455 0.4465
0.5095 0.4905 0.2558 0.2537 0.0446 0.4459
0.4963 0.5037 0.2504 0.2459 0.05 0.4537
0.5045 0.4955 0.2568 0.2477 0.0519 0.4436
0.5019 0.4981 0.25 0.2519 0.0494 0.4487
0.4965 0.5035 0.2483 0.2482 0.0525 0.451
0.501 0.499 0.2552 0.2458 0.052 0.447
0.5023 0.4977 0.2494 0.2529 0.0472 0.4505
0.4904 0.5096 0.2512 0.2392 0.0516 0.458
0.498 0.502 0.2517 0.2463 0.0488 0.4532
0.5012 0.4988 0.2459 0.2553 0.0492 0.4496
0.5075 0.4925 0.2524 0.2551 0.0485 0.444
0.5026 0.4974 0.2435 0.2591 0.0514 0.446
0.501 0.499 0.2494 0.2516 0.046 0.453
0.4971 0.5029 0.2465 0.2506 0.0505 0.4524
0.4963 0.5037 0.2525 0.2438 0.0519 0.4518
0.5027 0.4973 0.2514 0.2513 0.048 0.4493
0.499 0.501 0.2481 0.2509 0.0469 0.4541
0.4939 0.5061 0.2444 0.2495 0.0531 0.453
0.5035 0.4965 0.2464 0.2571 0.0506 0.4459
0.5031 0.4969 0.2519 0.2512 0.0501 0.4468
0.4981 0.5019 0.2463 0.2518 0.051 0.4509
0.5059 0.4941 0.2495 0.2564 0.0489 0.4452
0.5004 0.4996 0.2502 0.2502 0.0519 0.4477
0.4975 0.5025 0.2419 0.2556 0.0475 0.455
0.4992 0.5008 0.2503 0.2489 0.0497 0.4511
0.4915 0.5085 0.2407 0.2508 0.0464 0.4621
0.4968 0.5032 0.2465 0.2503 0.0529 0.4503
0.5003 0.4997 0.2507 0.2496 0.0525 0.4472
0.4924 0.5076 0.248 0.2444 0.0467 0.4609
0.4982 0.5018 0.2501 0.2481 0.0507 0.4511
0.5001 0.4999 0.2513 0.2488 0.0469 0.453
0.503 0.497 0.2508 0.2522 0.0529 0.4441
0.5059 0.4941 0.242 0.2639 0.0475 0.4466
0.5052 0.4948 0.2503 0.2549 0.0479 0.4469
0.5 0.5 0.2499 0.2501 0.0492 0.4508
0.4927 0.5073 0.2429 0.2498 0.0507 0.4566
0.5112 0.4888 0.2497 0.2615 0.0514 0.4374
0.4899 0.5101 0.2478 0.2421 0.0472 0.4629
0.4976 0.5024 0.2449 0.2527 0.0486 0.4538
0.5001 0.4999 0.254 0.2461 0.0509 0.449
0.4926 0.5074 0.2451 0.2475 0.0472 0.4602
0.5035 0.4965 0.2524 0.2511 0.0481 0.4484
0.5029 0.4971 0.2517 0.2512 0.0544 0.4427
0.5034 0.4966 0.2559 0.2475 0.0531 0.4435
0.4899 0.5101 0.2429 0.247 0.0504 0.4597
0.4977 0.5023 0.2474 0.2503 0.0506 0.4517
0.499 0.501 0.2493 0.2497 0.0552 0.4458
0.4965 0.5035 0.2533 0.2432 0.0474 0.4561
0.4988 0.5012 0.2502 0.2486 0.0482 0.453
0.4997 0.5003 0.2456 0.2541 0.0485 0.4518
0.5025 0.4975 0.252 0.2505 0.0518 0.4457
0.4977 0.5023 0.2458 0.2519 0.0506 0.4517
0.5052 0.4948 0.2559 0.2493 0.0461 0.4487
0.5078 0.4922 0.2586 0.2492 0.0484 0.4438
0.4996 0.5004 0.2464 0.2532 0.0494 0.451
0.5043 0.4957 0.2471 0.2572 0.0535 0.4422
0.4972 0.5028 0.2527 0.2445 0.05 0.4528
0.4956 0.5044 0.245 0.2506 0.0522 0.4522
0.5089 0.4911 0.259 0.2499 0.054 0.4371
0.4997 0.5003 0.2471 0.2526 0.0482 0.4521
0.5033 0.4967 0.2502 0.2531 0.0465 0.4502
0.5061 0.4939 0.249 0.2571 0.0498 0.4441
0.5022 0.4978 0.2515 0.2507 0.0513 0.4465
0.4954 0.5046 0.2505 0.2449 0.0531 0.4515
0.4961 0.5039 0.2476 0.2485 0.051 0.4529
0.501 0.499 0.2449 0.2561 0.0491 0.4499
0.499 0.501 0.2472 0.2518 0.0497 0.4513
0.4988 0.5012 0.2492 0.2496 0.0507 0.4505
0.5056 0.4944 0.2467 0.2589 0.0506 0.4438
0.5001 0.4999 0.2489 0.2512 0.0516 0.4483
0.4959 0.5041 0.2433 0.2526 0.0476 0.4565
0.498 0.502 0.2477 0.2503 0.0455 0.4565
0.5015 0.4985 0.2515 0.25 0.0524 0.4461
0.495 0.505 0.25 0.245 0.0505 0.4545
0.4944 0.5056 0.2423 0.2521 0.0466 0.459
0.499 0.501 0.2491 0.2499 0.0476 0.4534
0.4966 0.5034 0.246 0.2506 0.0499 0.4535
0.499 0.501 0.2455 0.2535 0.0507 0.4503
0.4953 0.5047 0.2475 0.2478 0.0511 0.4536
0.5009 0.4991 0.2522 0.2487 0.0516 0.4475
0.51 0.49 0.2498 0.2602 0.0442 0.4458
0.4955 0.5045 0.242 0.2535 0.051 0.4535
0.4986 0.5014 0.2452 0.2534 0.0505 0.4509
0.495 0.505 0.2506 0.2444 0.0524 0.4526
0.5047 0.4953 0.2559 0.2488 0.0494 0.4459
0.4998 0.5002 0.2442 0.2556 0.0521 0.4481
0.5085 0.4915 0.2572 0.2513 0.0489 0.4426
0.4919 0.5081 0.2468 0.2451 0.0478 0.4603
0.501 0.499 0.2506 0.2504 0.0508 0.4482
0.4982 0.5018 0.2523 0.2459 0.0521 0.4497
0.4971 0.5029 0.2506 0.2465 0.0546 0.4483
0.5081 0.4919 0.2554 0.2527 0.0506 0.4413
0.493 0.507 0.2506 0.2424 0.0535 0.4535
0.5017 0.4983 0.2562 0.2455 0.0487 0.4496
0.5125 0.4875 0.2573 0.2552 0.0487 0.4388
0.5101 0.4899 0.2568 0.2533 0.0501 0.4398
0.4928 0.5072 0.2496 0.2432 0.0531 0.4541
0.4976 0.5024 0.2516 0.246 0.0478 0.4546
0.498 0.502 0.2492 0.2488 0.0512 0.4508
0.5068 0.4932 0.2584 0.2484 0.048 0.4452
0.4978 0.5022 0.2472 0.2506 0.0446 0.4576
0.4938 0.5062 0.2456 0.2482 0.0516 0.4546
0.4978 0.5022 0.2507 0.2471 0.0526 0.4496
0.5044 0.4956 0.2597 0.2447 0.0526 0.443
0.4977 0.5023 0.2466 0.2511 0.0462 0.4561
0.4989 0.5011 0.246 0.2529 0.0484 0.4527
0.5047 0.4953 0.2481 0.2566 0.049 0.4463
0.5076 0.4924 0.2548 0.2528 0.0484 0.444
0.496 0.504 0.2517 0.2443 0.0515 0.4525
0.5002 0.4998 0.2523 0.2479 0.0505 0.4493
0.4996 0.5004 0.2567 0.2429 0.0486 0.4518
0.5018 0.4982 0.2556 0.2462 0.051 0.4472
0.5064 0.4936 0.2535 0.2529 0.0503 0.4433
0.507 0.493 0.2503 0.2567 0.0484 0.4446
0.4999 0.5001 0.2478 0.2521 0.0534 0.4467
0.5015 0.4985 0.2523 0.2492 0.0485 0.45
0.4994 0.5006 0.2457 0.2537 0.0504 0.4502
0.5058 0.4942 0.2487 0.2571 0.0503 0.4439
0.4994 0.5006 0.2485 0.2509 0.0461 0.4545
0.5056 0.4944 0.2531 0.2525 0.0494 0.445
0.4964 0.5036 0.2439 0.2525 0.0503 0.4533
0.4964 0.5036 0.2461 0.2503 0.0532 0.4504
0.4885 0.5115 0.2415 0.247 0.051 0.4605
0.5009 0.4991 0.2531 0.2478 0.0496 0.4495
0.4993 0.5007 0.2463 0.253 0.0463 0.4544
0.5032 0.4968 0.2549 0.2483 0.0506 0.4462
0.5012 0.4988 0.2481 0.2531 0.0512 0.4476
0.5003 0.4997 0.2494 0.2509 0.0477 0.452
0.5099 0.4901 0.247 0.2629 0.0457 0.4444
0.4991 0.5009 0.2454 0.2537 0.0487 0.4522
0.5022 0.4978 0.2516 0.2506 0.0539 0.4439
0.5055 0.4945 0.2516 0.2539 0.0499 0.4446
0.5006 0.4994 0.2498 0.2508 0.0507 0.4487
0.4975 0.5025 0.2473 0.2502 0.0489 0.4536
0.4945 0.5055 0.2481 0.2464 0.0474 0.4581
0.4958 0.5042 0.2445 0.2513 0.0498 0.4544
0.5148 0.4852 0.2581 0.2567 0.0493 0.4359
0.499 0.501 0.2524 0.2466 0.0495 0.4515
0.4966 0.5034 0.2456 0.251 0.0497 0.4537
0.4967 0.5033 0.2462 0.2505 0.0508 0.4525
0.5038 0.4962 0.2519 0.2519 0.0494 0.4468
0.5036 0.4964 0.2482 0.2554 0.0511 0.4453
0.4897 0.5103 0.2516 0.2381 0.0491 0.4612
0.5082 0.4918 0.2529 0.2553 0.0485 0.4433
0.5012 0.4988 0.2552 0.246 0.0497 0.4491
0.501 0.499 0.2511 0.2499 0.0499 0.4491
0.4934 0.5066 0.2506 0.2428 0.0514 0.4552
0.5047 0.4953 0.2544 0.2503 0.0502 0.4451
0.4977 0.5023 0.2385 0.2592 0.0493 0.453
0.5001 0.4999 0.2486 0.2515 0.0477 0.4522
0.5029 0.4971 0.2477 0.2552 0.0484 0.4487
0.5003 0.4997 0.2443 0.256 0.0482 0.4515
0.4981 0.5019 0.2438 0.2543 0.0551 0.4468
0.497 0.503 0.2543 0.2427 0.0484 0.4546
0.5049 0.4951 0.2543 0.2506 0.0473 0.4478
0.5058 0.4942 0.2589 0.2469 0.0483 0.4459
0.4992 0.5008 0.247 0.2522 0.0512 0.4496
0.4938 0.5062 0.2488 0.245 0.0513 0.4549
0.5027 0.4973 0.2526 0.2501 0.0526 0.4447
0.489 0.511 0.2464 0.2426 0.0516 0.4594
0.4966 0.5034 0.2448 0.2518 0.0496 0.4538
0.4963 0.5037 0.251 0.2453 0.0513 0.4524
0.4923 0.5077 0.2463 0.246 0.0512 0.4565
0.4989 0.5011 0.2566 0.2423 0.0482 0.4529
0.5017 0.4983 0.2506 0.2511 0.0498 0.4485
0.4996 0.5004 0.246 0.2536 0.0533 0.4471
0.4971 0.5029 0.2524 0.2447 0.0508 0.4521
0.4975 0.5025 0.2458 0.2517 0.051 0.4515
0.4984 0.5016 0.2479 0.2505 0.0481 0.4535
0.5016 0.4984 0.2503 0.2513 0.0523 0.4461
0.5058 0.4942 0.2475 0.2583 0.045 0.4492
0.5033 0.4967 0.2508 0.2525 0.0494 0.4473
0.5041 0.4959 0.2413 0.2628 0.0499 0.446
0.498 0.502 0.2466 0.2514 0.0496 0.4524
0.5051 0.4949 0.2548 0.2503 0.0505 0.4444
0.4956 0.5044 0.2473 0.2483 0.0474 0.457
0.501 0.499 0.2476 0.2534 0.0517 0.4473
0.5072 0.4928 0.2592 0.248 0.0478 0.445
0.4982 0.5018 0.2498 0.2484 0.0499 0.4519
0.4998 0.5002 0.251 0.2488 0.0499 0.4503
0.4999 0.5001 0.2511 0.2488 0.0497 0.4504
0.5061 0.4939 0.2519 0.2542 0.0519 0.442
0.5048 0.4952 0.2529 0.2519 0.0476 0.4476
0.4973 0.5027 0.247 0.2503 0.0516 0.4511
0.495 0.505 0.2458 0.2492 0.0554 0.4496
0.5046 0.4954 0.2521 0.2525 0.0489 0.4465
0.5051 0.4949 0.2598 0.2453 0.0496 0.4453
