0.5024 0.4976 0.2482 0.2542 0.0717 0.4259
0.5043 0.4957 0.2606 0.2437 0.0766 0.4191
0.4864 0.5136 0.2417 0.2447 0.0816 0.432
0.4919 0.5081 0.2408 0.2511 0.0752 0.4329
0.4999 0.5001 0.2476 0.2523 0.0781 0.422
0.4972 0.5028 0.2513 0.2459 0.0714 0.4314
0.5 0.5 0.248 0.252 0.0759 0.4241
0.4931 0.5069 0.2483 0.2448 0.0744 0.4325
0.4971 0.5029 0.2453 0.2518 0.0765 0.4264
0.496 0.504 0.2436 0.2524 0.0718 0.4322
0.5038 0.4962 0.2469 0.2569 0.0763 0.4199
0.4966 0.5034 0.2424 0.2542 0.0735 0.4299
0.502 0.498 0.259 0.243 0.077 0.421
0.5003 0.4997 0.2477 0.2526 0.073 0.4267
0.5008 0.4992 0.2541 0.2467 0.0766 0.4226
0.5011 0.4989 0.2529 0.2482 0.0765 0.4224
0.493 0.507 0.2438 0.2492 0.0752 0.4318
0.4982 0.5018 0.2484 0.2498 0.077 0.4248
0.5014 0.4986 0.2525 0.2489 0.0738 0.4248
0.4967 0.5033 0.2524 0.2443 0.0738 0.4295
0.4987 0.5013 0.2472 0.2515 0.0748 0.4265
0.492 0.508 0.2475 0.2445 0.0741 0.4339
0.5006 0.4994 0.2504 0.2502 0.0781 0.4213
0.5091 0.4909 0.262 0.2471 0.0793 0.4116
0.5048 0.4952 0.2504 0.2544 0.0713 0.4239
0.5086 0.4914 0.2557 0.2529 0.0746 0.4168
0.5084 0.4916 0.2602 0.2482 0.0733 0.4183
0.5029 0.4971 0.2523 0.2506 0.0714 0.4257
0.5041 0.4959 0.2548 0.2493 0.0723 0.4236
0.5009 0.4991 0.2545 0.2464 0.0755 0.4236
0.5008 0.4992 0.2488 0.252 0.0754 0.4238
0.5015 0.4985 0.2438 0.2577 0.0722 0.4263
0.4995 0.5005 0.2387 0.2608 0.0799 0.4206
0.4968 0.5032 0.2466 0.2502 0.073 0.4302
0.4984 0.5016 0.247 0.2514 0.0718 0.4298
0.4981 0.5019 0.2495 0.2486 0.0751 0.4268
0.4947 0.5053 0.2423 0.2524 0.0786 0.4267
0.4972 0.5028 0.2495 0.2477 0.0768 0.426
0.4945 0.5055 0.2471 0.2474 0.0763 0.4292
0.492 0.508 0.2431 0.2489 0.0757 0.4323
0.5008 0.4992 0.2569 0.2439 0.0789 0.4203
0.4964 0.5036 0.2519 0.2445 0.0849 0.4187
0.4938 0.5062 0.2406 0.2532 0.0757 0.4305
0.5024 0.4976 0.2492 0.2532 0.0751 0.4225
0.5001 0.4999 0.2457 0.2544 0.0751 0.4248
0.5028 0.4972 0.251 0.2518 0.0752 0.422
0.4973 0.5027 0.2429 0.2544 0.0743 0.4284
0.4971 0.5029 0.2459 0.2512 0.0698 0.4331
0.4962 0.5038 0.2485 0.2477 0.077 0.4268
0.5059 0.4941 0.2583 0.2476 0.0705 0.4236
0.4983 0.5017 0.2478 0.2505 0.0739 0.4278
0.506 0.494 0.2511 0.2549 0.0757 0.4183
0.5045 0.4955 0.2525 0.252 0.074 0.4215
0.4921 0.5079 0.244 0.2481 0.0726 0.4353
0.5136 0.4864 0.2557 0.2579 0.0686 0.4178
0.4924 0.5076 0.2422 0.2502 0.0771 0.4305
0.4999 0.5001 0.2498 0.2501 0.0746 0.4255
0.5033 0.4967 0.2599 0.2434 0.0764 0.4203
0.4995 0.5005 0.2511 0.2484 0.074 0.4265
0.504 0.496 0.2513 0.2527 0.0734 0.4226
0.4946 0.5054 0.2484 0.2462 0.0737 0.4317
0.5001 0.4999 0.2478 0.2523 0.0732 0.4267
0.5004 0.4996 0.2546 0.2458 0.0777 0.4219
0.4956 0.5044 0.2448 0.2508 0.0759 0.4285
0.5034 0.4966 0.2515 0.2519 0.0806 0.416
0.4948 0.5052 0.2496 0.2452 0.0745 0.4307
0.5073 0.4927 0.2566 0.2507 0.0696 0.4231
0.5022 0.4978 0.2513 0.2509 0.0756 0.4222
0.4918 0.5082 0.2506 0.2412 0.0748 0.4334
0.4992 0.5008 0.2484 0.2508 0.0727 0.4281
0.4992 0.5008 0.2502 0.249 0.0737 0.4271
0.4985 0.5015 0.2427 0.2558 0.0753 0.4262
0.4968 0.5032 0.2444 0.2524 0.074 0.4292
0.5027 0.4973 0.2566 0.2461 0.072 0.4253
0.4986 0.5014 0.2495 0.2491 0.0818 0.4196
0.4908 0.5092 0.2421 0.2487 0.0762 0.433
0.4944 0.5056 0.2433 0.2511 0.0762 0.4294
0.5052 0.4948 0.2498 0.2554 0.0733 0.4215
0.4979 0.5021 0.2528 0.2451 0.0778 0.4243
0.5015 0.4985 0.2495 0.252 0.0779 0.4206
0.4958 0.5042 0.2456 0.2502 0.0757 0.4285
0.5035 0.4965 0.254 0.2495 0.0755 0.421
0.5016 0.4984 0.2497 0.2519 0.0768 0.4216
0.4994 0.5006 0.251 0.2484 0.0768 0.4238
0.5001 0.4999 0.25 0.2501 0.0744 0.4255
0.4909 0.5091 0.2417 0.2492 0.0827 0.4264
0.4952 0.5048 0.2455 0.2497 0.0792 0.4256
0.505 0.495 0.2408 0.2642 0.0733 0.4217
0.4951 0.5049 0.2484 0.2467 0.0717 0.4332
0.4977 0.5023 0.251 0.2467 0.0763 0.426
0.4972 0.5028 0.2518 0.2454 0.0739 0.4289
0.5114 0.4886 0.2487 0.2627 0.0666 0.422
0.4949 0.5051 0.2471 0.2478 0.072 0.4331
0.5015 0.4985 0.254 0.2475 0.0737 0.4248
0.4932 0.5068 0.2414 0.2518 0.0758 0.431
0.4924 0.5076 0.2509 0.2415 0.0757 0.4319
0.5027 0.4973 0.2484 0.2543 0.0762 0.4211
0.5006 0.4994 0.2502 0.2504 0.0745 0.4249
0.5005 0.4995 0.2441 0.2564 0.0776 0.4219
0.5059 0.4941 0.2525 0.2534 0.0675 0.4266
0.4956 0.5044 0.2441 0.2515 0.0738 0.4306
0.5001 0.4999 0.2493 0.2508 0.0763 0.4236
0.506 0.494 0.2558 0.2502 0.0705 0.4235
0.5046 0.4954 0.2484 0.2562 0.0745 0.4209
0.4986 0.5014 0.2481 0.2505 0.0735 0.4279
0.5035 0.4965 0.2606 0.2429 0.077 0.4195
0.5091 0.4909 0.2548 0.2543 0.0778 0.4131
0.4999 0.5001 0.2472 0.2527 0.0755 0.4246
0.4997 0.5003 0.2498 0.2499 0.0765 0.4238
0.4978 0.5022 0.2484 0.2494 0.0746 0.4276
0.5076 0.4924 0.257 0.2506 0.0763 0.4161
0.4999 0.5001 0.2518 0.2481 0.0799 0.4202
0.494 0.506 0.2485 0.2455 0.0743 0.4317
0.4968 0.5032 0.2479 0.2489 0.0749 0.4283
0.4978 0.5022 0.2487 0.2491 0.0716 0.4306
0.4999 0.5001 0.2477 0.2522 0.072 0.4281
0.4983 0.5017 0.2465 0.2518 0.0723 0.4294
0.4932 0.5068 0.2439 0.2493 0.0726 0.4342
0.5046 0.4954 0.2533 0.2513 0.0762 0.4192
0.5 0.5 0.2468 0.2532 0.0766 0.4234
0.4974 0.5026 0.2448 0.2526 0.0747 0.4279
0.5047 0.4953 0.2493 0.2554 0.0742 0.4211
0.4914 0.5086 0.2418 0.2496 0.0689 0.4397
0.4959 0.5041 0.2454 0.2505 0.0783 0.4258
0.4953 0.5047 0.2533 0.242 0.0818 0.4229
0.5003 0.4997 0.254 0.2463 0.0783 0.4214
0.4987 0.5013 0.2471 0.2516 0.078 0.4233
0.4969 0.5031 0.2506 0.2463 0.072 0.4311
0.5062 0.4938 0.2494 0.2568 0.0745 0.4193
0.4984 0.5016 0.2518 0.2466 0.0772 0.4244
0.4968 0.5032 0.2479 0.2489 0.0756 0.4276
0.4989 0.5011 0.2512 0.2477 0.0764 0.4247
0.4991 0.5009 0.2556 0.2435 0.0749 0.426
0.494 0.506 0.2444 0.2496 0.0736 0.4324
0.5068 0.4932 0.2569 0.2499 0.0721 0.4211
0.504 0.496 0.2536 0.2504 0.074 0.422
0.5023 0.4977 0.2497 0.2526 0.0747 0.423
0.5039 0.4961 0.2564 0.2475 0.0674 0.4287
0.4992 0.5008 0.2522 0.247 0.0754 0.4254
0.5093 0.4907 0.2537 0.2556 0.0743 0.4164
0.5036 0.4964 0.2487 0.2549 0.0732 0.4232
0.4995 0.5005 0.2498 0.2497 0.0759 0.4246
0.5057 0.4943 0.253 0.2527 0.0772 0.4171
0.5091 0.4909 0.2615 0.2476 0.0733 0.4176
0.4998 0.5002 0.2465 0.2533 0.0726 0.4276
0.4948 0.5052 0.2529 0.2419 0.0736 0.4316
0.4978 0.5022 0.247 0.2508 0.0764 0.4258
0.5014 0.4986 0.2536 0.2478 0.0712 0.4274
0.5023 0.4977 0.2483 0.254 0.073 0.4247
0.4997 0.5003 0.2468 0.2529 0.0749 0.4254
0.5051 0.4949 0.2522 0.2529 0.0744 0.4205
0.4925 0.5075 0.2476 0.2449 0.0779 0.4296
0.498 0.502 0.2548 0.2432 0.0734 0.4286
0.5002 0.4998 0.2479 0.2523 0.0743 0.4255
0.4995 0.5005 0.2523 0.2472 0.0721 0.4284
0.4976 0.5024 0.2526 0.245 0.073 0.4294
0.4962 0.5038 0.2508 0.2454 0.0773 0.4265
0.4962 0.5038 0.251 0.2452 0.0723 0.4315
0.4964 0.5036 0.2476 0.2488 0.0711 0.4325
0.4986 0.5014 0.2501 0.2485 0.0773 0.4241
0.5036 0.4964 0.2479 0.2557 0.0738 0.4226
0.4991 0.5009 0.2519 0.2472 0.0737 0.4272
0.5004 0.4996 0.2493 0.2511 0.0721 0.4275
0.4975 0.5025 0.2457 0.2518 0.0743 0.4282
0.5018 0.4982 0.2484 0.2534 0.0747 0.4235
0.5051 0.4949 0.2529 0.2522 0.0756 0.4193
0.5055 0.4945 0.2499 0.2556 0.0749 0.4196
0.511 0.489 0.2538 0.2572 0.075 0.414
0.5058 0.4942 0.2538 0.252 0.0735 0.4207
0.5076 0.4924 0.2489 0.2587 0.0748 0.4176
0.5006 0.4994 0.251 0.2496 0.0728 0.4266
0.4993 0.5007 0.2552 0.2441 0.0726 0.4281
0.5006 0.4994 0.2554 0.2452 0.0714 0.428
0.5012 0.4988 0.2498 0.2514 0.0772 0.4216
0.5003 0.4997 0.2466 0.2537 0.0727 0.427
0.5063 0.4937 0.254 0.2523 0.0707 0.423
0.4936 0.5064 0.2505 0.2431 0.0782 0.4282
0.4989 0.5011 0.2388 0.2601 0.073 0.4281
0.5044 0.4956 0.2539 0.2505 0.0729 0.4227
0.4978 0.5022 0.2527 0.2451 0.074 0.4282
0.5048 0.4952 0.2577 0.2471 0.0756 0.4196
0.5076 0.4924 0.2551 0.2525 0.0744 0.418
0.4978 0.5022 0.2465 0.2513 0.0788 0.4234
0.4997 0.5003 0.2472 0.2525 0.0731 0.4272
0.5044 0.4956 0.2539 0.2505 0.0757 0.4199
0.5003 0.4997 0.2515 0.2488 0.0755 0.4242
0.5071 0.4929 0.2545 0.2526 0.0719 0.421
0.4945 0.5055 0.2456 0.2489 0.0802 0.4253
0.4987 0.5013 0.2482 0.2505 0.0773 0.424
0.5054 0.4946 0.2568 0.2486 0.0735 0.4211
0.5024 0.4976 0.262 0.2404 0.0741 0.4235
0.4994 0.5006 0.2499 0.2495 0.0752 0.4254
0.503 0.497 0.2497 0.2533 0.0766 0.4204
0.5095 0.4905 0.2574 0.2521 0.0775 0.413
0.5069 0.4931 0.2545 0.2524 0.0716 0.4215
0.4982 0.5018 0.2547 0.2435 0.0737 0.4281
0.5013 0.4987 0.2422 0.2591 0.0726 0.4261
0.4983 0.5017 0.2528 0.2455 0.0754 0.4263
0.503 0.497 0.2568 0.2462 0.0731 0.4239
0.5054 0.4946 0.2558 0.2496 0.0775 0.4171
0.4963 0.5037 0.2486 0.2477 0.0737 0.43
0.4909 0.5091 0.2414 0.2495 0.0732 0.4359
0.5045 0.4955 0.2605 0.244 0.076 0.4195
0.5105 0.4895 0.2556 0.2549 0.0727 0.4168
0.5018 0.4982 0.2452 0.2566 0.0694 0.4288
0.4988 0.5012 0.2478 0.251 0.0728 0.4284
0.4984 0.5016 0.2508 0.2476 0.0767 0.4249
0.5084 0.4916 0.2561 0.2523 0.0757 0.4159
0.4972 0.5028 0.2478 0.2494 0.073 0.4298
0.5121 0.4879 0.2522 0.2599 0.0768 0.4111
0.5009 0.4991 0.25 0.2509 0.0782 0.4209
0.4919 0.5081 0.2446 0.2473 0.0785 0.4296
0.51 0.49 0.2488 0.2612 0.0699 0.4201
0.5015 0.4985 0.2517 0.2498 0.0715 0.427
0.5054 0.4946 0.2507 0.2547 0.0731 0.4215
0.498 0.502 0.2452 0.2528 0.0723 0.4297
0.4971 0.5029 0.248 0.2491 0.0718 0.4311
0.4977 0.5023 0.2527 0.245 0.078 0.4243
0.5006 0.4994 0.2522 0.2484 0.0753 0.4241
0.5014 0.4986 0.2512 0.2502 0.075 0.4236
0.5021 0.4979 0.2517 0.2504 0.0786 0.4193
0.4998 0.5002 0.249 0.2508 0.0757 0.4245
0.4927 0.5073 0.2472 0.2455 0.0751 0.4322
0.5011 0.4989 0.2535 0.2476 0.0743 0.4246
0.497 0.503 0.2545 0.2425 0.0734 0.4296
0.5019 0.4981 0.2559 0.246 0.0786 0.4195
0.4999 0.5001 0.2502 0.2497 0.0749 0.4252
0.5007 0.4993 0.2448 0.2559 0.074 0.4253
0.4916 0.5084 0.2398 0.2518 0.0803 0.4281
0.5028 0.4972 0.2474 0.2554 0.0743 0.4229
0.5003 0.4997 0.2487 0.2516 0.0756 0.4241
0.501 0.499 0.2521 0.2489 0.0743 0.4247
0.5016 0.4984 0.2471 0.2545 0.0731 0.4253
0.4959 0.5041 0.2484 0.2475 0.0761 0.428
0.5034 0.4966 0.2436 0.2598 0.0732 0.4234
0.5058 0.4942 0.2497 0.2561 0.0754 0.4188
0.4938 0.5062 0.2468 0.247 0.0748 0.4314
0.5011 0.4989 0.2448 0.2563 0.0722 0.4267
0.502 0.498 0.2509 0.2511 0.0696 0.4284
0.4942 0.5058 0.2484 0.2458 0.0791 0.4267
0.4924 0.5076 0.2521 0.2403 0.07 0.4376
0.4981 0.5019 0.2484 0.2497 0.0767 0.4252
0.5028 0.4972 0.2503 0.2525 0.0736 0.4236
0.497 0.503 0.2443 0.2527 0.074 0.429
0.5019 0.4981 0.2545 0.2474 0.0725 0.4256
0.5021 0.4979 0.2575 0.2446 0.0747 0.4232
0.5 0.5 0.2494 0.2506 0.0733 0.4267
0.5055 0.4945 0.2504 0.2551 0.0747 0.4198
0.5072 0.4928 0.2545 0.2527 0.0798 0.413
0.5017 0.4983 0.2559 0.2458 0.0702 0.4281
0.5053 0.4947 0.2559 0.2494 0.0728 0.4219
0.4948 0.5052 0.2536 0.2412 0.0755 0.4297
0.5052 0.4948 0.2495 0.2557 0.0727 0.4221
0.4977 0.5023 0.2536 0.2441 0.077 0.4253
0.4992 0.5008 0.2503 0.2489 0.0736 0.4272
0.507 0.493 0.2525 0.2545 0.0662 0.4268
0.5023 0.4977 0.254 0.2483 0.0741 0.4236
0.5032 0.4968 0.255 0.2482 0.0718 0.425
0.4992 0.5008 0.2586 0.2406 0.0732 0.4276
0.5003 0.4997 0.2572 0.2431 0.0773 0.4224
0.4976 0.5024 0.25 0.2476 0.0782 0.4242
0.4879 0.5121 0.2459 0.242 0.0789 0.4332
0.4966 0.5034 0.2493 0.2473 0.0707 0.4327
0.5004 0.4996 0.2493 0.2511 0.0733 0.4263
0.5042 0.4958 0.2512 0.253 0.0726 0.4232
0.4993 0.5007 0.2528 0.2465 0.0779 0.4228
0.5025 0.4975 0.2532 0.2493 0.0719 0.4256
0.4989 0.5011 0.2516 0.2473 0.0717 0.4294
0.5006 0.4994 0.2476 0.253 0.0741 0.4253
0.4949 0.5051 0.2469 0.248 0.0754 0.4297
0.4989 0.5011 0.2551 0.2438 0.0777 0.4234
0.4963 0.5037 0.2445 0.2518 0.078 0.4257
0.4974 0.5026 0.2542 0.2432 0.0747 0.4279
0.4974 0.5026 0.2499 0.2475 0.0761 0.4265
0.4999 0.5001 0.245 0.2549 0.0761 0.424
0.4979 0.5021 0.2512 0.2467 0.0746 0.4275
0.4956 0.5044 0.2426 0.253 0.0766 0.4278
0.4924 0.5076 0.2418 0.2506 0.0775 0.4301
0.4987 0.5013 0.2503 0.2484 0.0734 0.4279
0.5082 0.4918 0.254 0.2542 0.0733 0.4185
0.4996 0.5004 0.2544 0.2452 0.0751 0.4253
0.4972 0.5028 0.2489 0.2483 0.0747 0.4281
0.5007 0.4993 0.2553 0.2454 0.0785 0.4208
0.4946 0.5054 0.2406 0.254 0.0771 0.4283
0.5033 0.4967 0.2578 0.2455 0.0784 0.4183
0.4943 0.5057 0.2464 0.2479 0.0739 0.4318
0.5025 0.4975 0.2493 0.2532 0.0742 0.4233
0.5056 0.4944 0.2564 0.2492 0.0769 0.4175
0.5074 0.4926 0.251 0.2564 0.073 0.4196
0.5092 0.4908 0.2557 0.2535 0.0762 0.4146
0.4994 0.5006 0.2536 0.2458 0.0741 0.4265
0.5058 0.4942 0.2526 0.2532 0.0733 0.4209
0.4965 0.5035 0.2522 0.2443 0.0795 0.424
0.5017 0.4983 0.2562 0.2455 0.0758 0.4225
0.4957 0.5043 0.2509 0.2448 0.0761 0.4282
0.4936 0.5064 0.2435 0.2501 0.0768 0.4296
0.5168 0.4832 0.2562 0.2606 0.0734 0.4098
0.4996 0.5004 0.2544 0.2452 0.0764 0.424
0.5012 0.4988 0.2448 0.2564 0.0752 0.4236
0.5062 0.4938 0.2469 0.2593 0.0776 0.4162
0.5012 0.4988 0.2502 0.251 0.0736 0.4252
0.4968 0.5032 0.2519 0.2449 0.0767 0.4265
0.5049 0.4951 0.2514 0.2535 0.0767 0.4184
0.5014 0.4986 0.2543 0.2471 0.0734 0.4252
0.4981 0.5019 0.2491 0.249 0.0741 0.4278
0.4991 0.5009 0.2521 0.247 0.0764 0.4245
0.4964 0.5036 0.2521 0.2443 0.0754 0.4282
0.4966 0.5034 0.2515 0.2451 0.0743 0.4291
0.5029 0.4971 0.2558 0.2471 0.0752 0.4219
0.5026 0.4974 0.2551 0.2475 0.0749 0.4225
0.5068 0.4932 0.2612 0.2456 0.0788 0.4144
0.4952 0.5048 0.2488 0.2464 0.0758 0.429
0.4979 0.5021 0.2504 0.2475 0.0726 0.4295
0.493 0.507 0.2438 0.2492 0.0774 0.4296
0.5013 0.4987 0.2472 0.2541 0.0721 0.4266
0.4998 0.5002 0.2518 0.248 0.0797 0.4205
0.4953 0.5047 0.2461 0.2492 0.0776 0.4271
0.5082 0.4918 0.2562 0.252 0.0778 0.414
0.5017 0.4983 0.2545 0.2472 0.0738 0.4245
0.5028 0.4972 0.2456 0.2572 0.0745 0.4227
0.5032 0.4968 0.2538 0.2494 0.0769 0.4199
0.4993 0.5007 0.2527 0.2466 0.0778 0.4229
0.504 0.496 0.2553 0.2487 0.0705 0.4255
0.5026 0.4974 0.2475 0.2551 0.0741 0.4233
0.4995 0.5005 0.2499 0.2496 0.0686 0.4319
0.5089 0.4911 0.2509 0.258 0.0755 0.4156
0.4967 0.5033 0.246 0.2507 0.0761 0.4272
0.5047 0.4953 0.2577 0.247 0.0761 0.4192
0.4898 0.5102 0.2457 0.2441 0.0768 0.4334
0.5059 0.4941 0.2459 0.26 0.0734 0.4207
0.4997 0.5003 0.2494 0.2503 0.0739 0.4264
0.4928 0.5072 0.2452 0.2476 0.0723 0.4349
0.4954 0.5046 0.2453 0.2501 0.0723 0.4323
0.5074 0.4926 0.2474 0.26 0.0757 0.4169
0.4987 0.5013 0.2428 0.2559 0.0802 0.4211
0.4959 0.5041 0.2434 0.2525 0.074 0.4301
0.4886 0.5114 0.2455 0.2431 0.0735 0.4379
0.5077 0.4923 0.2556 0.2521 0.0714 0.4209
0.4909 0.5091 0.2494 0.2415 0.0819 0.4272
0.5008 0.4992 0.2498 0.251 0.073 0.4262
0.4963 0.5037 0.2484 0.2479 0.0755 0.4282
0.4997 0.5003 0.2462 0.2535 0.0726 0.4277
0.5005 0.4995 0.2441 0.2564 0.0737 0.4258
0.494 0.506 0.2485 0.2455 0.0699 0.4361
0.4981 0.5019 0.2457 0.2524 0.0756 0.4263
0.5002 0.4998 0.2487 0.2515 0.0771 0.4227
0.5041 0.4959 0.2502 0.2539 0.0753 0.4206
0.4981 0.5019 0.2428 0.2553 0.0761 0.4258
0.5195 0.4805 0.2567 0.2628 0.0704 0.4101
0.4967 0.5033 0.2476 0.2491 0.0757 0.4276
0.4973 0.5027 0.2475 0.2498 0.0751 0.4276
0.4919 0.5081 0.2487 0.2432 0.0728 0.4353
0.4982 0.5018 0.2429 0.2553 0.074 0.4278
0.496 0.504 0.2505 0.2455 0.0752 0.4288
0.4961 0.5039 0.2482 0.2479 0.0785 0.4254
0.4971 0.5029 0.252 0.2451 0.0782 0.4247
0.5004 0.4996 0.2525 0.2479 0.0751 0.4245
0.4994 0.5006 0.2495 0.2499 0.0738 0.4268
0.5016 0.4984 0.2486 0.253 0.0686 0.4298
0.5136 0.4864 0.2624 0.2512 0.0755 0.4109
0.5032 0.4968 0.2416 0.2616 0.0711 0.4257
0.4946 0.5054 0.2459 0.2487 0.077 0.4284
0.5028 0.4972 0.2466 0.2562 0.0721 0.4251
0.4985 0.5015 0.2476 0.2509 0.0723 0.4292
0.5005 0.4995 0.2485 0.252 0.0686 0.4309
0.4916 0.5084 0.2535 0.2381 0.0764 0.432
0.5048 0.4952 0.252 0.2528 0.0732 0.422
0.5095 0.4905 0.2579 0.2516 0.0758 0.4147
0.5052 0.4948 0.2511 0.2541 0.0725 0.4223
0.5078 0.4922 0.2555 0.2523 0.0731 0.4191
0.4978 0.5022 0.2495 0.2483 0.0762 0.426
0.4999 0.5001 0.2527 0.2472 0.0779 0.4222
0.5011 0.4989 0.2508 0.2503 0.0762 0.4227
0.4969 0.5031 0.2472 0.2497 0.0784 0.4247
0.4933 0.5067 0.2431 0.2502 0.0782 0.4285
0.503 0.497 0.2522 0.2508 0.0767 0.4203
0.5009 0.4991 0.2475 0.2534 0.0717 0.4274
0.5018 0.4982 0.2558 0.246 0.0765 0.4217
0.4959 0.5041 0.2418 0.2541 0.0791 0.425
0.5002 0.4998 0.2524 0.2478 0.0726 0.4272
0.5071 0.4929 0.253 0.2541 0.0746 0.4183
0.4934 0.5066 0.2505 0.2429 0.0731 0.4335
0.5014 0.4986 0.2535 0.2479 0.0724 0.4262
0.4976 0.5024 0.2473 0.2503 0.0784 0.424
0.4949 0.5051 0.245 0.2499 0.0755 0.4296
0.4984 0.5016 0.2493 0.2491 0.0728 0.4288
0.4978 0.5022 0.2424 0.2554 0.0802 0.422
0.4955 0.5045 0.2389 0.2566 0.0781 0.4264
0.5039 0.4961 0.2557 0.2482 0.0782 0.4179
0.4971 0.5029 0.2437 0.2534 0.0744 0.4285
0.4989 0.5011 0.2536 0.2453 0.0756 0.4255
0.5094 0.4906 0.2514 0.258 0.0729 0.4177
0.5031 0.4969 0.2523 0.2508 0.0788 0.4181
0.4931 0.5069 0.2442 0.2489 0.0757 0.4312
0.4936 0.5064 0.2503 0.2433 0.0794 0.427
0.4961 0.5039 0.2563 0.2398 0.0782 0.4257
0.4976 0.5024 0.2448 0.2528 0.0697 0.4327
0.5073 0.4927 0.2582 0.2491 0.0734 0.4193
0.5008 0.4992 0.2476 0.2532 0.0766 0.4226
0.497 0.503 0.2452 0.2518 0.073 0.43
0.4967 0.5033 0.2529 0.2438 0.0733 0.43
0.5019 0.4981 0.2497 0.2522 0.0752 0.4229
0.4951 0.5049 0.2504 0.2447 0.0778 0.4271
0.4996 0.5004 0.2506 0.249 0.0765 0.4239
0.4929 0.5071 0.2445 0.2484 0.076 0.4311
0.4987 0.5013 0.2436 0.2551 0.0729 0.4284
0.4993 0.5007 0.2498 0.2495 0.0744 0.4263
0.4985 0.5015 0.2473 0.2512 0.0731 0.4284
0.4974 0.5026 0.2535 0.2439 0.0744 0.4282
0.5016 0.4984 0.2546 0.247 0.0721 0.4263
0.5014 0.4986 0.25 0.2514 0.0796 0.419
0.4871 0.5129 0.2388 0.2483 0.0806 0.4323
0.4972 0.5028 0.2599 0.2373 0.0787 0.4241
0.5076 0.4924 0.2549 0.2527 0.0726 0.4198
0.505 0.495 0.2527 0.2523 0.0716 0.4234
0.4916 0.5084 0.2458 0.2458 0.0768 0.4316
0.5014 0.4986 0.2478 0.2536 0.0742 0.4244
0.4967 0.5033 0.2508 0.2459 0.0764 0.4269
0.4947 0.5053 0.2534 0.2413 0.0757 0.4296
0.4976 0.5024 0.2527 0.2449 0.0721 0.4303
0.5006 0.4994 0.245 0.2556 0.0761 0.4233
0.5004 0.4996 0.2535 0.2469 0.072 0.4276
0.5063 0.4937 0.2505 0.2558 0.0751 0.4186
0.4896 0.5104 0.238 0.2516 0.0772 0.4332
0.5006 0.4994 0.2496 0.251 0.0765 0.4229
0.5044 0.4956 0.2525 0.2519 0.0711 0.4245
0.4989 0.5011 0.2462 0.2527 0.0756 0.4255
0.4969 0.5031 0.2548 0.2421 0.0755 0.4276
0.4956 0.5044 0.2434 0.2522 0.0782 0.4262
0.4957 0.5043 0.2462 0.2495 0.0809 0.4234
0.5019 0.4981 0.2595 0.2424 0.0758 0.4223
0.5076 0.4924 0.246 0.2616 0.0723 0.4201
0.4998 0.5002 0.255 0.2448 0.0718 0.4284
0.5004 0.4996 0.2536 0.2468 0.0755 0.4241
0.503 0.497 0.2435 0.2595 0.0756 0.4214
0.4939 0.5061 0.2449 0.249 0.0778 0.4283
0.5066 0.4934 0.2489 0.2577 0.0769 0.4165
0.5024 0.4976 0.2539 0.2485 0.0774 0.4202
0.4976 0.5024 0.2504 0.2472 0.0766 0.4258
0.4932 0.5068 0.2498 0.2434 0.0721 0.4347
0.4971 0.5029 0.248 0.2491 0.0728 0.4301
0.4966 0.5034 0.2502 0.2464 0.0725 0.4309
0.5014 0.4986 0.2562 0.2452 0.0774 0.4212
0.5009 0.4991 0.2484 0.2525 0.0754 0.4237
0.5014 0.4986 0.2499 0.2515 0.0737 0.4249
0.4949 0.5051 0.2506 0.2443 0.0808 0.4243
0.5006 0.4994 0.2558 0.2448 0.0758 0.4236
0.5013 0.4987 0.2463 0.255 0.0724 0.4263
0.4989 0.5011 0.2521 0.2468 0.0765 0.4246
0.5041 0.4959 0.2511 0.253 0.0752 0.4207
0.4983 0.5017 0.2557 0.2426 0.0771 0.4246
0.4907 0.5093 0.243 0.2477 0.079 0.4303
0.4982 0.5018 0.2467 0.2515 0.0777 0.4241
0.4978 0.5022 0.2468 0.251 0.0772 0.425
0.5019 0.4981 0.248 0.2539 0.0758 0.4223
0.5051 0.4949 0.2535 0.2516 0.072 0.4229
0.5014 0.4986 0.2444 0.257 0.0751 0.4235
0.4896 0.5104 0.242 0.2476 0.0774 0.433
0.5052 0.4948 0.2554 0.2498 0.0751 0.4197
0.499 0.501 0.2476 0.2514 0.0761 0.4249
0.4984 0.5016 0.2485 0.2499 0.0753 0.4263
0.4966 0.5034 0.244 0.2526 0.0727 0.4307
0.5015 0.4985 0.2475 0.254 0.0734 0.4251
0.5018 0.4982 0.2536 0.2482 0.0722 0.426
0.5058 0.4942 0.2504 0.2554 0.0714 0.4228
0.4967 0.5033 0.2497 0.247 0.0806 0.4227
0.4984 0.5016 0.2484 0.25 0.0757 0.4259
0.498 0.502 0.2491 0.2489 0.0734 0.4286
0.5068 0.4932 0.2546 0.2522 0.0745 0.4187
0.5065 0.4935 0.253 0.2535 0.0779 0.4156
0.5083 0.4917 0.2535 0.2548 0.0727 0.419
0.4991 0.5009 0.2476 0.2515 0.0722 0.4287
0.5062 0.4938 0.2503 0.2559 0.0742 0.4196
0.4964 0.5036 0.2532 0.2432 0.0774 0.4262
0.5002 0.4998 0.254 0.2462 0.0779 0.4219
0.4993 0.5007 0.2512 0.2481 0.076 0.4247
0.5034 0.4966 0.2544 0.249 0.0777 0.4189
0.5062 0.4938 0.2555 0.2507 0.0745 0.4193
0.5034 0.4966 0.2485 0.2549 0.0676 0.429
0.4988 0.5012 0.2499 0.2489 0.077 0.4242
0.5043 0.4957 0.2548 0.2495 0.0771 0.4186
0.5092 0.4908 0.2529 0.2563 0.0741 0.4167
0.5033 0.4967 0.2542 0.2491 0.0717 0.425
0.4993 0.5007 0.2504 0.2489 0.0773 0.4234
0.5001 0.4999 0.2485 0.2516 0.0715 0.4284
0.4905 0.5095 0.2417 0.2488 0.0734 0.4361
0.5055 0.4945 0.2514 0.2541 0.0769 0.4176
0.4905 0.5095 0.2464 0.2441 0.0773 0.4322
0.5026 0.4974 0.2425 0.2601 0.0749 0.4225
0.4895 0.5105 0.2465 0.243 0.0786 0.4319
0.4953 0.5047 0.2438 0.2515 0.0754 0.4293
0.5044 0.4956 0.2451 0.2593 0.0785 0.4171
0.4974 0.5026 0.254 0.2434 0.0765 0.4261
0.4995 0.5005 0.2498 0.2497 0.0734 0.4271
0.4977 0.5023 0.2562 0.2415 0.0774 0.4249
0.5044 0.4956 0.2546 0.2498 0.0751 0.4205
0.4982 0.5018 0.2527 0.2455 0.0808 0.421
0.5014 0.4986 0.2516 0.2498 0.0735 0.4251
0.5047 0.4953 0.2497 0.255 0.0754 0.4199
0.5009 0.4991 0.2549 0.246 0.0737 0.4254
0.5052 0.4948 0.253 0.2522 0.0741 0.4207
0.5026 0.4974 0.2533 0.2493 0.0766 0.4208
0.5014 0.4986 0.2487 0.2527 0.075 0.4236
0.4991 0.5009 0.2512 0.2479 0.0778 0.4231
0.4943 0.5057 0.2526 0.2417 0.075 0.4307
0.495 0.505 0.2458 0.2492 0.0778 0.4272
0.4972 0.5028 0.2425 0.2547 0.0775 0.4253
0.4942 0.5058 0.2401 0.2541 0.0772 0.4286
0.4972 0.5028 0.2526 0.2446 0.0723 0.4305
0.493 0.507 0.2374 0.2556 0.0731 0.4339
0.5061 0.4939 0.2544 0.2517 0.0706 0.4233
0.4964 0.5036 0.2526 0.2438 0.0803 0.4233
0.5003 0.4997 0.2583 0.242 0.078 0.4217
0.5053 0.4947 0.2494 0.2559 0.0762 0.4185
0.5009 0.4991 0.2453 0.2556 0.0715 0.4276
0.4947 0.5053 0.2469 0.2478 0.0741 0.4312
0.4976 0.5024 0.2494 0.2482 0.0741 0.4283
0.4909 0.5091 0.2454 0.2455 0.0811 0.428
0.4971 0.5029 0.2507 0.2464 0.0772 0.4257
0.4969 0.5031 0.2482 0.2487 0.0732 0.4299
0.4999 0.5001 0.2457 0.2542 0.0756 0.4245
0.5036 0.4964 0.2564 0.2472 0.076 0.4204
0.504 0.496 0.2464 0.2576 0.0736 0.4224
0.4994 0.5006 0.2436 0.2558 0.082 0.4186
0.4944 0.5056 0.2447 0.2497 0.071 0.4346
0.5077 0.4923 0.257 0.2507 0.0734 0.4189
0.4874 0.5126 0.2391 0.2483 0.0818 0.4308
0.5058 0.4942 0.2457 0.2601 0.0769 0.4173
0.5039 0.4961 0.2433 0.2606 0.0693 0.4268
0.499 0.501 0.2514 0.2476 0.0721 0.4289
0.4997 0.5003 0.2511 0.2486 0.079 0.4213
0.5077 0.4923 0.2526 0.2551 0.0738 0.4185
0.4958 0.5042 0.2502 0.2456 0.0773 0.4269
0.5012 0.4988 0.2512 0.25 0.0746 0.4242
0.4997 0.5003 0.2447 0.255 0.0776 0.4227
0.5005 0.4995 0.2495 0.251 0.0762 0.4233
0.4955 0.5045 0.2476 0.2479 0.0771 0.4274
0.5006 0.4994 0.2478 0.2528 0.0746 0.4248
0.4973 0.5027 0.2518 0.2455 0.0773 0.4254
0.4956 0.5044 0.2508 0.2448 0.0743 0.4301
0.508 0.492 0.2561 0.2519 0.078 0.414
0.5038 0.4962 0.2498 0.254 0.0768 0.4194
0.5038 0.4962 0.2514 0.2524 0.0735 0.4227
0.4983 0.5017 0.2497 0.2486 0.0762 0.4255
0.499 0.501 0.2511 0.2479 0.0765 0.4245
0.5017 0.4983 0.253 0.2487 0.0721 0.4262
0.502 0.498 0.2478 0.2542 0.0712 0.4268
0.4955 0.5045 0.2533 0.2422 0.0758 0.4287
0.4942 0.5058 0.2439 0.2503 0.0766 0.4292
0.4976 0.5024 0.2494 0.2482 0.0774 0.425
0.5055 0.4945 0.2498 0.2557 0.0746 0.4199
0.5008 0.4992 0.2514 0.2494 0.0733 0.4259
0.4992 0.5008 0.2538 0.2454 0.0753 0.4255
0.5015 0.4985 0.2548 0.2467 0.0775 0.421
0.4981 0.5019 0.2483 0.2498 0.0746 0.4273
0.4988 0.5012 0.2494 0.2494 0.073 0.4282
0.4945 0.5055 0.2507 0.2438 0.0811 0.4244
0.501 0.499 0.2513 0.2497 0.0757 0.4233
0.501 0.499 0.2527 0.2483 0.0754 0.4236
0.5035 0.4965 0.2495 0.254 0.0782 0.4183
0.5065 0.4935 0.2595 0.247 0.0744 0.4191
0.5023 0.4977 0.2577 0.2446 0.072 0.4257
0.4907 0.5093 0.2468 0.2439 0.0813 0.428
0.5074 0.4926 0.2564 0.251 0.0746 0.418
0.502 0.498 0.2456 0.2564 0.0742 0.4238
0.4932 0.5068 0.2472 0.246 0.0749 0.4319
0.5039 0.4961 0.25 0.2539 0.0759 0.4202
0.4984 0.5016 0.2507 0.2477 0.0751 0.4265
0.5009 0.4991 0.2473 0.2536 0.0772 0.4219
0.4991 0.5009 0.2519 0.2472 0.0727 0.4282
0.4992 0.5008 0.2492 0.25 0.0762 0.4246
0.5044 0.4956 0.2552 0.2492 0.0806 0.415
0.5087 0.4913 0.2525 0.2562 0.0753 0.416
0.494 0.506 0.2478 0.2462 0.074 0.432
0.5073 0.4927 0.2508 0.2565 0.0765 0.4162
0.5106 0.4894 0.2653 0.2453 0.0729 0.4165
0.5017 0.4983 0.2547 0.247 0.0741 0.4242
0.4909 0.5091 0.2413 0.2496 0.0788 0.4303
0.498 0.502 0.2545 0.2435 0.0752 0.4268
0.508 0.492 0.2566 0.2514 0.0729 0.4191
0.4965 0.5035 0.2482 0.2483 0.0747 0.4288
0.5054 0.4946 0.2494 0.256 0.0763 0.4183
0.4917 0.5083 0.2455 0.2462 0.0766 0.4317
0.5029 0.4971 0.2559 0.247 0.076 0.4211
0.5004 0.4996 0.2555 0.2449 0.0753 0.4243
0.5003 0.4997 0.2585 0.2418 0.0776 0.4221
0.5018 0.4982 0.2551 0.2467 0.0787 0.4195
0.4989 0.5011 0.2562 0.2427 0.0757 0.4254
0.4997 0.5003 0.2493 0.2504 0.0742 0.4261
0.5096 0.4904 0.2582 0.2514 0.0763 0.4141
0.4945 0.5055 0.25 0.2445 0.0788 0.4267
0.4975 0.5025 0.2474 0.2501 0.0721 0.4304
0.4965 0.5035 0.2498 0.2467 0.0713 0.4322
0.5029 0.4971 0.2445 0.2584 0.0739 0.4232
0.5059 0.4941 0.2491 0.2568 0.0775 0.4166
0.5083 0.4917 0.2508 0.2575 0.0676 0.4241
0.5032 0.4968 0.2484 0.2548 0.0736 0.4232
0.4972 0.5028 0.2484 0.2488 0.0783 0.4245
0.4966 0.5034 0.2486 0.248 0.0768 0.4266
0.4993 0.5007 0.2458 0.2535 0.0753 0.4254
0.5088 0.4912 0.2572 0.2516 0.0729 0.4183
0.4984 0.5016 0.249 0.2494 0.0726 0.429
0.4933 0.5067 0.2503 0.243 0.0795 0.4272
0.4949 0.5051 0.2439 0.251 0.0705 0.4346
0.5051 0.4949 0.2523 0.2528 0.0745 0.4204
0.5055 0.4945 0.255 0.2505 0.0733 0.4212
0.5093 0.4907 0.2557 0.2536 0.0745 0.4162
0.5089 0.4911 0.2565 0.2524 0.0743 0.4168
0.5039 0.4961 0.2596 0.2443 0.0762 0.4199
0.5053 0.4947 0.2486 0.2567 0.0737 0.421
0.4999 0.5001 0.2465 0.2534 0.0768 0.4233
0.5003 0.4997 0.2551 0.2452 0.0767 0.423
0.4978 0.5022 0.2477 0.2501 0.0805 0.4217
0.4915 0.5085 0.2475 0.244 0.0772 0.4313
0.4993 0.5007 0.2494 0.2499 0.0752 0.4255
0.4985 0.5015 0.2474 0.2511 0.0748 0.4267
0.4994 0.5006 0.2521 0.2473 0.0761 0.4245
0.4941 0.5059 0.2487 0.2454 0.0769 0.429
0.4965 0.5035 0.2522 0.2443 0.0773 0.4262
0.5024 0.4976 0.2531 0.2493 0.0819 0.4157
0.4969 0.5031 0.2468 0.2501 0.0786 0.4245
0.5026 0.4974 0.2516 0.251 0.0702 0.4272
0.4959 0.5041 0.2479 0.248 0.0764 0.4277
0.4998 0.5002 0.2525 0.2473 0.072 0.4282
0.5074 0.4926 0.2539 0.2535 0.069 0.4236
0.5 0.5 0.2514 0.2486 0.0708 0.4292
0.4992 0.5008 0.2538 0.2454 0.077 0.4238
0.4934 0.5066 0.2472 0.2462 0.0727 0.4339
0.501 0.499 0.2511 0.2499 0.0761 0.4229
0.4974 0.5026 0.2525 0.2449 0.0739 0.4287
0.4969 0.5031 0.2479 0.249 0.0752 0.4279
0.4982 0.5018 0.2525 0.2457 0.0765 0.4253
0.5044 0.4956 0.2516 0.2528 0.0722 0.4234
0.4949 0.5051 0.2494 0.2455 0.079 0.4261
0.5092 0.4908 0.2551 0.2541 0.0726 0.4182
0.5066 0.4934 0.2557 0.2509 0.0747 0.4187
0.5002 0.4998 0.2529 0.2473 0.0777 0.4221
0.5078 0.4922 0.255 0.2528 0.0738 0.4184
0.4979 0.5021 0.2457 0.2522 0.0775 0.4246
0.508 0.492 0.2573 0.2507 0.0769 0.4151
0.5102 0.4898 0.2621 0.2481 0.071 0.4188
0.4988 0.5012 0.2514 0.2474 0.0799 0.4213
0.5055 0.4945 0.2529 0.2526 0.0736 0.4209
0.4974 0.5026 0.2491 0.2483 0.0728 0.4298
0.5009 0.4991 0.2502 0.2507 0.0783 0.4208
0.497 0.503 0.248 0.249 0.0764 0.4266
0.4947 0.5053 0.248 0.2467 0.0772 0.4281
0.501 0.499 0.2528 0.2482 0.0755 0.4235
0.5024 0.4976 0.249 0.2534 0.073 0.4246
0.5043 0.4957 0.2481 0.2562 0.0778 0.4179
0.5096 0.4904 0.2582 0.2514 0.0741 0.4163
0.4985 0.5015 0.2516 0.2469 0.0718 0.4297
0.5079 0.4921 0.2564 0.2515 0.0721 0.42
0.4985 0.5015 0.2488 0.2497 0.0787 0.4228
0.51 0.49 0.2535 0.2565 0.0751 0.4149
0.4932 0.5068 0.2497 0.2435 0.0721 0.4347
0.502 0.498 0.2508 0.2512 0.0729 0.4251
0.4987 0.5013 0.2503 0.2484 0.0771 0.4242
0.5052 0.4948 0.2536 0.2516 0.0727 0.4221
0.4945 0.5055 0.2462 0.2483 0.0808 0.4247
0.494 0.506 0.2431 0.2509 0.0762 0.4298
0.4975 0.5025 0.2462 0.2513 0.0727 0.4298
0.4908 0.5092 0.2502 0.2406 0.0761 0.4331
0.4927 0.5073 0.2538 0.2389 0.0759 0.4314
0.5057 0.4943 0.2535 0.2522 0.073 0.4213
0.4977 0.5023 0.2497 0.248 0.0742 0.4281
0.5085 0.4915 0.2491 0.2594 0.0786 0.4129
0.4985 0.5015 0.2462 0.2523 0.0759 0.4256
0.4999 0.5001 0.2471 0.2528 0.0732 0.4269
0.5005 0.4995 0.2477 0.2528 0.0745 0.425
0.4979 0.5021 0.2468 0.2511 0.0736 0.4285
0.5033 0.4967 0.2546 0.2487 0.0697 0.427
0.4994 0.5006 0.2524 0.247 0.0771 0.4235
0.4933 0.5067 0.246 0.2473 0.0793 0.4274
0.4936 0.5064 0.2492 0.2444 0.0742 0.4322
0.5014 0.4986 0.2471 0.2543 0.0757 0.4229
0.5076 0.4924 0.2571 0.2505 0.07 0.4224
0.4967 0.5033 0.2518 0.2449 0.0736 0.4297
0.5081 0.4919 0.2528 0.2553 0.0761 0.4158
0.5015 0.4985 0.2509 0.2506 0.0763 0.4222
0.5099 0.4901 0.2565 0.2534 0.0784 0.4117
0.5084 0.4916 0.257 0.2514 0.0748 0.4168
0.4969 0.5031 0.2473 0.2496 0.0708 0.4323
0.5081 0.4919 0.2568 0.2513 0.0763 0.4156
0.4974 0.5026 0.2401 0.2573 0.0733 0.4293
0.5009 0.4991 0.2457 0.2552 0.0748 0.4243
0.4987 0.5013 0.2476 0.2511 0.0785 0.4228
0.5053 0.4947 0.2518 0.2535 0.0756 0.4191
0.5027 0.4973 0.2539 0.2488 0.0695 0.4278
0.5001 0.4999 0.2466 0.2535 0.0769 0.423
0.5005 0.4995 0.2495 0.251 0.0762 0.4233
0.5046 0.4954 0.257 0.2476 0.0746 0.4208
0.5082 0.4918 0.2569 0.2513 0.071 0.4208
0.5045 0.4955 0.2592 0.2453 0.0747 0.4208
0.5063 0.4937 0.2442 0.2621 0.0743 0.4194
0.5063 0.4937 0.2564 0.2499 0.0707 0.423
0.5012 0.4988 0.2501 0.2511 0.0751 0.4237
0.493 0.507 0.2454 0.2476 0.0732 0.4338
0.4901 0.5099 0.2426 0.2475 0.0732 0.4367
0.5018 0.4982 0.2504 0.2514 0.0788 0.4194
0.4991 0.5009 0.2471 0.252 0.0728 0.4281
0.5021 0.4979 0.2525 0.2496 0.072 0.4259
0.4998 0.5002 0.2513 0.2485 0.072 0.4282
0.5078 0.4922 0.2615 0.2463 0.0696 0.4226
0.4904 0.5096 0.2424 0.248 0.0716 0.438
0.4899 0.5101 0.2453 0.2446 0.0769 0.4332
0.5023 0.4977 0.242 0.2603 0.0748 0.4229
0.5093 0.4907 0.2503 0.259 0.0768 0.4139
0.506 0.494 0.2438 0.2622 0.0778 0.4162
0.4972 0.5028 0.2436 0.2536 0.0721 0.4307
0.4976 0.5024 0.2487 0.2489 0.0735 0.4289
0.497 0.503 0.2433 0.2537 0.0711 0.4319
0.5056 0.4944 0.2538 0.2518 0.0679 0.4265
0.5028 0.4972 0.2444 0.2584 0.0722 0.425
0.5039 0.4961 0.2566 0.2473 0.0794 0.4167
0.4901 0.5099 0.2504 0.2397 0.0804 0.4295
0.4916 0.5084 0.244 0.2476 0.0712 0.4372
0.5048 0.4952 0.2513 0.2535 0.0726 0.4226
0.5008 0.4992 0.2425 0.2583 0.0727 0.4265
0.4956 0.5044 0.2515 0.2441 0.0762 0.4282
0.4945 0.5055 0.2508 0.2437 0.0763 0.4292
0.5029 0.4971 0.2495 0.2534 0.0728 0.4243
0.4994 0.5006 0.2477 0.2517 0.0747 0.4259
0.4993 0.5007 0.247 0.2523 0.0765 0.4242
0.497 0.503 0.2492 0.2478 0.074 0.429
0.4951 0.5049 0.2379 0.2572 0.0753 0.4296
0.5026 0.4974 0.2535 0.2491 0.0763 0.4211
0.4952 0.5048 0.2431 0.2521 0.0759 0.4289
0.5006 0.4994 0.2493 0.2513 0.0762 0.4232
0.4892 0.5108 0.2415 0.2477 0.0786 0.4322
0.4991 0.5009 0.2489 0.2502 0.0756 0.4253
0.4989 0.5011 0.2487 0.2502 0.0779 0.4232
0.5039 0.4961 0.2463 0.2576 0.0758 0.4203
0.5039 0.4961 0.248 0.2559 0.0713 0.4248
0.4969 0.5031 0.2465 0.2504 0.0739 0.4292
0.4966 0.5034 0.2415 0.2551 0.0755 0.4279
0.4923 0.5077 0.2473 0.245 0.0775 0.4302
0.5059 0.4941 0.2552 0.2507 0.0683 0.4258
0.4974 0.5026 0.2479 0.2495 0.0789 0.4237
0.4889 0.5111 0.2432 0.2457 0.0807 0.4304
0.5095 0.4905 0.2527 0.2568 0.0765 0.414
0.4996 0.5004 0.2484 0.2512 0.0766 0.4238
0.508 0.492 0.2555 0.2525 0.0746 0.4174
0.5071 0.4929 0.2575 0.2496 0.0787 0.4142
0.4997 0.5003 0.2464 0.2533 0.072 0.4283
0.4969 0.5031 0.247 0.2499 0.0798 0.4233
0.4925 0.5075 0.2426 0.2499 0.0774 0.4301
0.4978 0.5022 0.2468 0.251 0.0731 0.4291
0.4922 0.5078 0.2522 0.24 0.077 0.4308
0.4997 0.5003 0.251 0.2487 0.0726 0.4277
0.4956 0.5044 0.2508 0.2448 0.0752 0.4292
0.5008 0.4992 0.2535 0.2473 0.0739 0.4253
0.5082 0.4918 0.2575 0.2507 0.0701 0.4217
0.4956 0.5044 0.2499 0.2457 0.0759 0.4285
0.4995 0.5005 0.2381 0.2614 0.0702 0.4303
0.495 0.505 0.2451 0.2499 0.0827 0.4223
0.5032 0.4968 0.2487 0.2545 0.0792 0.4176
0.5049 0.4951 0.2477 0.2572 0.0751 0.42
0.5087 0.4913 0.2557 0.253 0.0762 0.4151
0.5043 0.4957 0.2484 0.2559 0.075 0.4207
0.5002 0.4998 0.2506 0.2496 0.0783 0.4215
0.4889 0.5111 0.2425 0.2464 0.0797 0.4314
0.4997 0.5003 0.2497 0.25 0.0778 0.4225
0.5025 0.4975 0.2539 0.2486 0.076 0.4215
0.4931 0.5069 0.2499 0.2432 0.0785 0.4284
0.5053 0.4947 0.2515 0.2538 0.0713 0.4234
0.5002 0.4998 0.2483 0.2519 0.0758 0.424
0.4964 0.5036 0.2505 0.2459 0.0738 0.4298
0.5055 0.4945 0.2552 0.2503 0.0687 0.4258
0.5144 0.4856 0.2557 0.2587 0.0742 0.4114
0.4996 0.5004 0.2489 0.2507 0.0781 0.4223
0.4944 0.5056 0.2505 0.2439 0.0761 0.4295
0.5034 0.4966 0.2518 0.2516 0.0765 0.4201
0.501 0.499 0.2542 0.2468 0.0755 0.4235
0.499 0.501 0.2528 0.2462 0.071 0.43
0.495 0.505 0.2484 0.2466 0.0744 0.4306
0.4952 0.5048 0.2497 0.2455 0.0737 0.4311
0.4963 0.5037 0.2472 0.2491 0.0804 0.4233
0.4984 0.5016 0.2524 0.246 0.0728 0.4288
0.508 0.492 0.252 0.256 0.0712 0.4208
0.5095 0.4905 0.2558 0.2537 0.0675 0.423
0.4963 0.5037 0.2504 0.2459 0.073 0.4307
0.5045 0.4955 0.2568 0.2477 0.0775 0.418
0.5019 0.4981 0.25 0.2519 0.0734 0.4247
0.4965 0.5035 0.2483 0.2482 0.0784 0.4251
0.501 0.499 0.2552 0.2458 0.0725 0.4265
0.5023 0.4977 0.2494 0.2529 0.0696 0.4281
0.4904 0.5096 0.2512 0.2392 0.077 0.4326
0.498 0.502 0.2517 0.2463 0.0718 0.4302
0.5012 0.4988 0.2459 0.2553 0.071 0.4278
0.5075 0.4925 0.2524 0.2551 0.073 0.4195
0.5026 0.4974 0.2435 0.2591 0.0761 0.4213
0.501 0.499 0.2494 0.2516 0.0716 0.4274
0.4971 0.5029 0.2465 0.2506 0.0739 0.429
0.4963 0.5037 0.2525 0.2438 0.0755 0.4282
0.5027 0.4973 0.2514 0.2513 0.0735 0.4238
0.499 0.501 0.2481 0.2509 0.0724 0.4286
0.4939 0.5061 0.2444 0.2495 0.0782 0.4279
0.5035 0.4965 0.2464 0.2571 0.0751 0.4214
0.5031 0.4969 0.2519 0.2512 0.0731 0.4238
0.4981 0.5019 0.2463 0.2518 0.0748 0.4271
0.5059 0.4941 0.2495 0.2564 0.0751 0.419
0.5004 0.4996 0.2502 0.2502 0.0754 0.4242
0.4975 0.5025 0.2419 0.2556 0.0724 0.4301
0.4992 0.5008 0.2503 0.2489 0.0765 0.4243
0.4915 0.5085 0.2407 0.2508 0.0697 0.4388
0.4968 0.5032 0.2465 0.2503 0.0803 0.4229
0.5003 0.4997 0.2507 0.2496 0.0762 0.4235
0.4924 0.5076 0.248 0.2444 0.0754 0.4322
0.4982 0.5018 0.2501 0.2481 0.0783 0.4235
0.5001 0.4999 0.2513 0.2488 0.0738 0.4261
0.503 0.497 0.2508 0.2522 0.0764 0.4206
0.5059 0.4941 0.242 0.2639 0.0741 0.42
0.5052 0.4948 0.2503 0.2549 0.0726 0.4222
0.5 0.5 0.2499 0.2501 0.0741 0.4259
0.4927 0.5073 0.2429 0.2498 0.0771 0.4302
0.5112 0.4888 0.2497 0.2615 0.0734 0.4154
0.4899 0.5101 0.2478 0.2421 0.0723 0.4378
0.4976 0.5024 0.2449 0.2527 0.0722 0.4302
0.5001 0.4999 0.254 0.2461 0.0747 0.4252
0.4926 0.5074 0.2451 0.2475 0.0715 0.4359
0.5035 0.4965 0.2524 0.2511 0.0721 0.4244
0.5029 0.4971 0.2517 0.2512 0.0788 0.4183
0.5034 0.4966 0.2559 0.2475 0.0804 0.4162
0.4899 0.5101 0.2429 0.247 0.0746 0.4355
0.4977 0.5023 0.2474 0.2503 0.0758 0.4265
0.499 0.501 0.2493 0.2497 0.0794 0.4216
0.4965 0.5035 0.2533 0.2432 0.0736 0.4299
0.4988 0.5012 0.2502 0.2486 0.0752 0.426
0.4997 0.5003 0.2456 0.2541 0.0744 0.4259
0.5025 0.4975 0.252 0.2505 0.0781 0.4194
0.4977 0.5023 0.2458 0.2519 0.0764 0.4259
0.5052 0.4948 0.2559 0.2493 0.0708 0.424
0.5078 0.4922 0.2586 0.2492 0.073 0.4192
0.4996 0.5004 0.2464 0.2532 0.0737 0.4267
0.5043 0.4957 0.2471 0.2572 0.0772 0.4185
0.4972 0.5028 0.2527 0.2445 0.0749 0.4279
0.4956 0.5044 0.245 0.2506 0.0788 0.4256
0.5089 0.4911 0.259 0.2499 0.0793 0.4118
0.4997 0.5003 0.2471 0.2526 0.0709 0.4294
0.5033 0.4967 0.2502 0.2531 0.0711 0.4256
0.5061 0.4939 0.249 0.2571 0.0749 0.419
0.5022 0.4978 0.2515 0.2507 0.0781 0.4197
0.4954 0.5046 0.2505 0.2449 0.0761 0.4285
0.4961 0.5039 0.2476 0.2485 0.0809 0.423
0.501 0.499 0.2449 0.2561 0.0744 0.4246
0.499 0.501 0.2472 0.2518 0.0732 0.4278
0.4988 0.5012 0.2492 0.2496 0.0756 0.4256
0.5056 0.4944 0.2467 0.2589 0.0751 0.4193
0.5001 0.4999 0.2489 0.2512 0.0761 0.4238
0.4959 0.5041 0.2433 0.2526 0.0739 0.4302
0.498 0.502 0.2477 0.2503 0.0705 0.4315
0.5015 0.4985 0.2515 0.25 0.0795 0.419
0.495 0.505 0.25 0.245 0.0747 0.4303
0.4944 0.5056 0.2423 0.2521 0.0707 0.4349
0.499 0.501 0.2491 0.2499 0.0751 0.4259
0.4966 0.5034 0.246 0.2506 0.0752 0.4282
0.499 0.501 0.2455 0.2535 0.0755 0.4255
0.4953 0.5047 0.2475 0.2478 0.0759 0.4288
0.5009 0.4991 0.2522 0.2487 0.0771 0.422
0.51 0.49 0.2498 0.2602 0.0724 0.4176
0.4955 0.5045 0.242 0.2535 0.0755 0.429
0.4986 0.5014 0.2452 0.2534 0.0763 0.4251
0.495 0.505 0.2506 0.2444 0.0761 0.4289
0.5047 0.4953 0.2559 0.2488 0.0755 0.4198
0.4998 0.5002 0.2442 0.2556 0.0737 0.4265
0.5085 0.4915 0.2572 0.2513 0.0751 0.4164
0.4919 0.5081 0.2468 0.2451 0.0706 0.4375
0.501 0.499 0.2506 0.2504 0.0786 0.4204
0.4982 0.5018 0.2523 0.2459 0.0802 0.4216
0.4971 0.5029 0.2506 0.2465 0.0786 0.4243
0.5081 0.4919 0.2554 0.2527 0.0757 0.4162
0.493 0.507 0.2506 0.2424 0.0788 0.4282
0.5017 0.4983 0.2562 0.2455 0.0741 0.4242
0.5125 0.4875 0.2573 0.2552 0.0739 0.4136
0.5101 0.4899 0.2568 0.2533 0.0742 0.4157
0.4928 0.5072 0.2496 0.2432 0.0761 0.4311
0.4976 0.5024 0.2516 0.246 0.0708 0.4316
0.498 0.502 0.2492 0.2488 0.0765 0.4255
0.5068 0.4932 0.2584 0.2484 0.0739 0.4193
0.4978 0.5022 0.2472 0.2506 0.0693 0.4329
0.4938 0.5062 0.2456 0.2482 0.0765 0.4297
0.4978 0.5022 0.2507 0.2471 0.0768 0.4254
0.5044 0.4956 0.2597 0.2447 0.0794 0.4162
0.4977 0.5023 0.2466 0.2511 0.0715 0.4308
0.4989 0.5011 0.246 0.2529 0.075 0.4261
0.5047 0.4953 0.2481 0.2566 0.0744 0.4209
0.5076 0.4924 0.2548 0.2528 0.0706 0.4218
0.496 0.504 0.2517 0.2443 0.0776 0.4264
0.5002 0.4998 0.2523 0.2479 0.0771 0.4227
0.4996 0.5004 0.2567 0.2429 0.0734 0.427
0.5018 0.4982 0.2556 0.2462 0.0742 0.424
0.5064 0.4936 0.2535 0.2529 0.0712 0.4224
0.507 0.493 0.2503 0.2567 0.0751 0.4179
0.4999 0.5001 0.2478 0.2521 0.0798 0.4203
0.5015 0.4985 0.2523 0.2492 0.0746 0.4239
0.4994 0.5006 0.2457 0.2537 0.075 0.4256
0.5058 0.4942 0.2487 0.2571 0.0748 0.4194
0.4994 0.5006 0.2485 0.2509 0.0704 0.4302
0.5056 0.4944 0.2531 0.2525 0.0747 0.4197
0.4964 0.5036 0.2439 0.2525 0.0726 0.431
0.4964 0.5036 0.2461 0.2503 0.079 0.4246
0.4885 0.5115 0.2415 0.247 0.0779 0.4336
0.5009 0.4991 0.2531 0.2478 0.0734 0.4257
0.4993 0.5007 0.2463 0.253 0.0725 0.4282
0.5032 0.4968 0.2549 0.2483 0.0741 0.4227
0.5012 0.4988 0.2481 0.2531 0.0755 0.4233
0.5003 0.4997 0.2494 0.2509 0.0704 0.4293
0.5099 0.4901 0.247 0.2629 0.0706 0.4195
0.4991 0.5009 0.2454 0.2537 0.0748 0.4261
0.5022 0.4978 0.2516 0.2506 0.0767 0.4211
0.5055 0.4945 0.2516 0.2539 0.0764 0.4181
0.5006 0.4994 0.2498 0.2508 0.0748 0.4246
0.4975 0.5025 0.2473 0.2502 0.0751 0.4274
0.4945 0.5055 0.2481 0.2464 0.0716 0.4339
0.4958 0.5042 0.2445 0.2513 0.0744 0.4298
0.5148 0.4852 0.2581 0.2567 0.0724 0.4128
0.499 0.501 0.2524 0.2466 0.0738 0.4272
0.4966 0.5034 0.2456 0.251 0.0716 0.4318
0.4967 0.5033 0.2462 0.2505 0.0747 0.4286
0.5038 0.4962 0.2519 0.2519 0.0732 0.423
0.5036 0.4964 0.2482 0.2554 0.0774 0.419
0.4897 0.5103 0.2516 0.2381 0.0751 0.4352
0.5082 0.4918 0.2529 0.2553 0.0756 0.4162
0.5012 0.4988 0.2552 0.246 0.0769 0.4219
0.501 0.499 0.2511 0.2499 0.0729 0.4261
0.4934 0.5066 0.2506 0.2428 0.0768 0.4298
0.5047 0.4953 0.2544 0.2503 0.0759 0.4194
0.4977 0.5023 0.2385 0.2592 0.0757 0.4266
0.5001 0.4999 0.2486 0.2515 0.0742 0.4257
0.5029 0.4971 0.2477 0.2552 0.0724 0.4247
0.5003 0.4997 0.2443 0.256 0.0715 0.4282
0.4981 0.5019 0.2438 0.2543 0.0787 0.4232
0.497 0.503 0.2543 0.2427 0.0704 0.4326
0.5049 0.4951 0.2543 0.2506 0.07 0.4251
0.5058 0.4942 0.2589 0.2469 0.0733 0.4209
0.4992 0.5008 0.247 0.2522 0.079 0.4218
0.4938 0.5062 0.2488 0.245 0.0754 0.4308
0.5027 0.4973 0.2526 0.2501 0.0766 0.4207
0.489 0.511 0.2464 0.2426 0.078 0.433
0.4966 0.5034 0.2448 0.2518 0.0742 0.4292
0.4963 0.5037 0.251 0.2453 0.0762 0.4275
0.4923 0.5077 0.2463 0.246 0.0775 0.4302
0.4989 0.5011 0.2566 0.2423 0.0725 0.4286
0.5017 0.4983 0.2506 0.2511 0.0759 0.4224
0.4996 0.5004 0.246 0.2536 0.0765 0.4239
0.4971 0.5029 0.2524 0.2447 0.0764 0.4265
0.4975 0.5025 0.2458 0.2517 0.0748 0.4277
0.4984 0.5016 0.2479 0.2505 0.0723 0.4293
0.5016 0.4984 0.2503 0.2513 0.0737 0.4247
0.5058 0.4942 0.2475 0.2583 0.0706 0.4236
0.5033 0.4967 0.2508 0.2525 0.0759 0.4208
0.5041 0.4959 0.2413 0.2628 0.0768 0.4191
0.498 0.502 0.2466 0.2514 0.0717 0.4303
0.5051 0.4949 0.2548 0.2503 0.0752 0.4197
0.4956 0.5044 0.2473 0.2483 0.0757 0.4287
0.501 0.499 0.2476 0.2534 0.0779 0.4211
0.5072 0.4928 0.2592 0.248 0.0719 0.4209
0.4982 0.5018 0.2498 0.2484 0.074 0.4278
0.4998 0.5002 0.251 0.2488 0.0767 0.4235
0.4999 0.5001 0.2511 0.2488 0.0768 0.4233
0.5061 0.4939 0.2519 0.2542 0.075 0.4189
0.5048 0.4952 0.2529 0.2519 0.0711 0.4241
0.4973 0.5027 0.247 0.2503 0.0757 0.427
0.495 0.505 0.2458 0.2492 0.079 0.426
0.5046 0.4954 0.2521 0.2525 0.0755 0.4199
