0.5024 0.4976 0.2482 0.2542 0.0969 0.4007
0.5043 0.4957 0.2606 0.2437 0.0987 0.397
0.4864 0.5136 0.2417 0.2447 0.107 0.4066
0.4919 0.5081 0.2408 0.2511 0.0993 0.4088
0.4999 0.5001 0.2476 0.2523 0.1027 0.3974
0.4972 0.5028 0.2513 0.2459 0.0942 0.4086
0.5 0.5 0.248 0.252 0.1009 0.3991
0.4931 0.5069 0.2483 0.2448 0.101 0.4059
0.4971 0.5029 0.2453 0.2518 0.1009 0.402
0.496 0.504 0.2436 0.2524 0.0967 0.4073
0.5038 0.4962 0.2469 0.2569 0.1008 0.3954
0.4966 0.5034 0.2424 0.2542 0.0974 0.406
0.502 0.498 0.259 0.243 0.1 0.398
0.5003 0.4997 0.2477 0.2526 0.1011 0.3986
0.5008 0.4992 0.2541 0.2467 0.1012 0.398
0.5011 0.4989 0.2529 0.2482 0.0985 0.4004
0.493 0.507 0.2438 0.2492 0.0994 0.4076
0.4982 0.5018 0.2484 0.2498 0.0979 0.4039
0.5014 0.4986 0.2525 0.2489 0.0988 0.3998
0.4967 0.5033 0.2524 0.2443 0.1003 0.403
0.4987 0.5013 0.2472 0.2515 0.0998 0.4015
0.492 0.508 0.2475 0.2445 0.1005 0.4075
0.5006 0.4994 0.2504 0.2502 0.1025 0.3969
0.5091 0.4909 0.262 0.2471 0.1048 0.3861
0.5048 0.4952 0.2504 0.2544 0.0978 0.3974
0.5086 0.4914 0.2557 0.2529 0.0998 0.3916
0.5084 0.4916 0.2602 0.2482 0.0983 0.3933
0.5029 0.4971 0.2523 0.2506 0.0978 0.3993
0.5041 0.4959 0.2548 0.2493 0.0956 0.4003
0.5009 0.4991 0.2545 0.2464 0.0988 0.4003
0.5008 0.4992 0.2488 0.252 0.1037 0.3955
0.5015 0.4985 0.2438 0.2577 0.0981 0.4004
0.4995 0.5005 0.2387 0.2608 0.1057 0.3948
0.4968 0.5032 0.2466 0.2502 0.0985 0.4047
0.4984 0.5016 0.247 0.2514 0.0962 0.4054
0.4981 0.5019 0.2495 0.2486 0.0972 0.4047
0.4947 0.5053 0.2423 0.2524 0.1015 0.4038
0.4972 0.5028 0.2495 0.2477 0.0993 0.4035
0.4945 0.5055 0.2471 0.2474 0.099 0.4065
0.492 0.508 0.2431 0.2489 0.0997 0.4083
0.5008 0.4992 0.2569 0.2439 0.1044 0.3948
0.4964 0.5036 0.2519 0.2445 0.1084 0.3952
0.4938 0.5062 0.2406 0.2532 0.0981 0.4081
0.5024 0.4976 0.2492 0.2532 0.1007 0.3969
0.5001 0.4999 0.2457 0.2544 0.1 0.3999
0.5028 0.4972 0.251 0.2518 0.0988 0.3984
0.4973 0.5027 0.2429 0.2544 0.0993 0.4034
0.4971 0.5029 0.2459 0.2512 0.0962 0.4067
0.4962 0.5038 0.2485 0.2477 0.1035 0.4003
0.5059 0.4941 0.2583 0.2476 0.0954 0.3987
0.4983 0.5017 0.2478 0.2505 0.1008 0.4009
0.506 0.494 0.2511 0.2549 0.1001 0.3939
0.5045 0.4955 0.2525 0.252 0.1003 0.3952
0.4921 0.5079 0.244 0.2481 0.0962 0.4117
0.5136 0.4864 0.2557 0.2579 0.0926 0.3938
0.4924 0.5076 0.2422 0.2502 0.1044 0.4032
0.4999 0.5001 0.2498 0.2501 0.0967 0.4034
0.5033 0.4967 0.2599 0.2434 0.1029 0.3938
0.4995 0.5005 0.2511 0.2484 0.0949 0.4056
0.504 0.496 0.2513 0.2527 0.0992 0.3968
0.4946 0.5054 0.2484 0.2462 0.0998 0.4056
0.5001 0.4999 0.2478 0.2523 0.101 0.3989
0.5004 0.4996 0.2546 0.2458 0.1038 0.3958
0.4956 0.5044 0.2448 0.2508 0.0986 0.4058
0.5034 0.4966 0.2515 0.2519 0.1039 0.3927
0.4948 0.5052 0.2496 0.2452 0.0997 0.4055
0.5073 0.4927 0.2566 0.2507 0.092 0.4007
0.5022 0.4978 0.2513 0.2509 0.0996 0.3982
0.4918 0.5082 0.2506 0.2412 0.0986 0.4096
0.4992 0.5008 0.2484 0.2508 0.1001 0.4007
0.4992 0.5008 0.2502 0.249 0.0992 0.4016
0.4985 0.5015 0.2427 0.2558 0.1007 0.4008
0.4968 0.5032 0.2444 0.2524 0.0973 0.4059
0.5027 0.4973 0.2566 0.2461 0.0971 0.4002
0.4986 0.5014 0.2495 0.2491 0.1053 0.3961
0.4908 0.5092 0.2421 0.2487 0.1029 0.4063
0.4944 0.5056 0.2433 0.2511 0.0994 0.4062
0.5052 0.4948 0.2498 0.2554 0.0997 0.3951
0.4979 0.5021 0.2528 0.2451 0.1032 0.3989
0.5015 0.4985 0.2495 0.252 0.1016 0.3969
0.4958 0.5042 0.2456 0.2502 0.1033 0.4009
0.5035 0.4965 0.254 0.2495 0.0975 0.399
0.5016 0.4984 0.2497 0.2519 0.1024 0.396
0.4994 0.5006 0.251 0.2484 0.1022 0.3984
0.5001 0.4999 0.25 0.2501 0.1004 0.3995
0.4909 0.5091 0.2417 0.2492 0.1089 0.4002
0.4952 0.5048 0.2455 0.2497 0.1026 0.4022
0.505 0.495 0.2408 0.2642 0.0994 0.3956
0.4951 0.5049 0.2484 0.2467 0.0983 0.4066
0.4977 0.5023 0.251 0.2467 0.0994 0.4029
0.4972 0.5028 0.2518 0.2454 0.0962 0.4066
0.5114 0.4886 0.2487 0.2627 0.0934 0.3952
0.4949 0.5051 0.2471 0.2478 0.098 0.4071
0.5015 0.4985 0.254 0.2475 0.0997 0.3988
0.4932 0.5068 0.2414 0.2518 0.1023 0.4045
0.4924 0.5076 0.2509 0.2415 0.102 0.4056
0.5027 0.4973 0.2484 0.2543 0.1047 0.3926
0.5006 0.4994 0.2502 0.2504 0.0987 0.4007
0.5005 0.4995 0.2441 0.2564 0.1054 0.3941
0.5059 0.4941 0.2525 0.2534 0.0917 0.4024
0.4956 0.5044 0.2441 0.2515 0.097 0.4074
0.5001 0.4999 0.2493 0.2508 0.1002 0.3997
0.506 0.494 0.2558 0.2502 0.0942 0.3998
0.5046 0.4954 0.2484 0.2562 0.0997 0.3957
0.4986 0.5014 0.2481 0.2505 0.1011 0.4003
0.5035 0.4965 0.2606 0.2429 0.1016 0.3949
0.5091 0.4909 0.2548 0.2543 0.1027 0.3882
0.4999 0.5001 0.2472 0.2527 0.0999 0.4002
0.4997 0.5003 0.2498 0.2499 0.1034 0.3969
0.4978 0.5022 0.2484 0.2494 0.099 0.4032
0.5076 0.4924 0.257 0.2506 0.1046 0.3878
0.4999 0.5001 0.2518 0.2481 0.1058 0.3943
0.494 0.506 0.2485 0.2455 0.0982 0.4078
0.4968 0.5032 0.2479 0.2489 0.1002 0.403
0.4978 0.5022 0.2487 0.2491 0.0962 0.406
0.4999 0.5001 0.2477 0.2522 0.0979 0.4022
0.4983 0.5017 0.2465 0.2518 0.097 0.4047
0.4932 0.5068 0.2439 0.2493 0.0971 0.4097
0.5046 0.4954 0.2533 0.2513 0.1005 0.3949
0.5 0.5 0.2468 0.2532 0.103 0.397
0.4974 0.5026 0.2448 0.2526 0.0988 0.4038
0.5047 0.4953 0.2493 0.2554 0.1013 0.394
0.4914 0.5086 0.2418 0.2496 0.0963 0.4123
0.4959 0.5041 0.2454 0.2505 0.1068 0.3973
0.4953 0.5047 0.2533 0.242 0.1059 0.3988
0.5003 0.4997 0.254 0.2463 0.1041 0.3956
0.4987 0.5013 0.2471 0.2516 0.1065 0.3948
0.4969 0.5031 0.2506 0.2463 0.0973 0.4058
0.5062 0.4938 0.2494 0.2568 0.0963 0.3975
0.4984 0.5016 0.2518 0.2466 0.103 0.3986
0.4968 0.5032 0.2479 0.2489 0.1017 0.4015
0.4989 0.5011 0.2512 0.2477 0.1037 0.3974
0.4991 0.5009 0.2556 0.2435 0.1005 0.4004
0.494 0.506 0.2444 0.2496 0.0965 0.4095
0.5068 0.4932 0.2569 0.2499 0.0983 0.3949
0.504 0.496 0.2536 0.2504 0.1002 0.3958
0.5023 0.4977 0.2497 0.2526 0.0968 0.4009
0.5039 0.4961 0.2564 0.2475 0.094 0.4021
0.4992 0.5008 0.2522 0.247 0.0992 0.4016
0.5093 0.4907 0.2537 0.2556 0.0995 0.3912
0.5036 0.4964 0.2487 0.2549 0.0981 0.3983
0.4995 0.5005 0.2498 0.2497 0.1028 0.3977
0.5057 0.4943 0.253 0.2527 0.1031 0.3912
0.5091 0.4909 0.2615 0.2476 0.1004 0.3905
0.4998 0.5002 0.2465 0.2533 0.0969 0.4033
0.4948 0.5052 0.2529 0.2419 0.0988 0.4064
0.4978 0.5022 0.247 0.2508 0.1033 0.3989
0.5014 0.4986 0.2536 0.2478 0.098 0.4006
0.5023 0.4977 0.2483 0.254 0.0982 0.3995
0.4997 0.5003 0.2468 0.2529 0.1005 0.3998
0.5051 0.4949 0.2522 0.2529 0.0983 0.3966
0.4925 0.5075 0.2476 0.2449 0.103 0.4045
0.498 0.502 0.2548 0.2432 0.0972 0.4048
0.5002 0.4998 0.2479 0.2523 0.097 0.4028
0.4995 0.5005 0.2523 0.2472 0.0973 0.4032
0.4976 0.5024 0.2526 0.245 0.0975 0.4049
0.4962 0.5038 0.2508 0.2454 0.1025 0.4013
0.4962 0.5038 0.251 0.2452 0.0972 0.4066
0.4964 0.5036 0.2476 0.2488 0.0939 0.4097
0.4986 0.5014 0.2501 0.2485 0.1037 0.3977
0.5036 0.4964 0.2479 0.2557 0.0989 0.3975
0.4991 0.5009 0.2519 0.2472 0.1015 0.3994
0.5004 0.4996 0.2493 0.2511 0.0968 0.4028
0.4975 0.5025 0.2457 0.2518 0.0994 0.4031
0.5018 0.4982 0.2484 0.2534 0.0964 0.4018
0.5051 0.4949 0.2529 0.2522 0.1025 0.3924
0.5055 0.4945 0.2499 0.2556 0.0997 0.3948
0.511 0.489 0.2538 0.2572 0.1009 0.3881
0.5058 0.4942 0.2538 0.252 0.0979 0.3963
0.5076 0.4924 0.2489 0.2587 0.098 0.3944
0.5006 0.4994 0.251 0.2496 0.0994 0.4
0.4993 0.5007 0.2552 0.2441 0.097 0.4037
0.5006 0.4994 0.2554 0.2452 0.0975 0.4019
0.5012 0.4988 0.2498 0.2514 0.1046 0.3942
0.5003 0.4997 0.2466 0.2537 0.0982 0.4015
0.5063 0.4937 0.254 0.2523 0.097 0.3967
0.4936 0.5064 0.2505 0.2431 0.1052 0.4012
0.4989 0.5011 0.2388 0.2601 0.0958 0.4053
0.5044 0.4956 0.2539 0.2505 0.0979 0.3977
0.4978 0.5022 0.2527 0.2451 0.0969 0.4053
0.5048 0.4952 0.2577 0.2471 0.0997 0.3955
0.5076 0.4924 0.2551 0.2525 0.099 0.3934
0.4978 0.5022 0.2465 0.2513 0.1029 0.3993
0.4997 0.5003 0.2472 0.2525 0.0987 0.4016
0.5044 0.4956 0.2539 0.2505 0.1017 0.3939
0.5003 0.4997 0.2515 0.2488 0.1028 0.3969
0.5071 0.4929 0.2545 0.2526 0.0994 0.3935
0.4945 0.5055 0.2456 0.2489 0.1065 0.399
0.4987 0.5013 0.2482 0.2505 0.1024 0.3989
0.5054 0.4946 0.2568 0.2486 0.0954 0.3992
0.5024 0.4976 0.262 0.2404 0.1021 0.3955
0.4994 0.5006 0.2499 0.2495 0.1025 0.3981
0.503 0.497 0.2497 0.2533 0.101 0.396
0.5095 0.4905 0.2574 0.2521 0.1026 0.3879
0.5069 0.4931 0.2545 0.2524 0.0963 0.3968
0.4982 0.5018 0.2547 0.2435 0.0967 0.4051
0.5013 0.4987 0.2422 0.2591 0.0989 0.3998
0.4983 0.5017 0.2528 0.2455 0.1016 0.4001
0.503 0.497 0.2568 0.2462 0.0992 0.3978
0.5054 0.4946 0.2558 0.2496 0.1003 0.3943
0.4963 0.5037 0.2486 0.2477 0.0994 0.4043
0.4909 0.5091 0.2414 0.2495 0.0989 0.4102
0.5045 0.4955 0.2605 0.244 0.1008 0.3947
0.5105 0.4895 0.2556 0.2549 0.0962 0.3933
0.5018 0.4982 0.2452 0.2566 0.0961 0.4021
0.4988 0.5012 0.2478 0.251 0.0994 0.4018
0.4984 0.5016 0.2508 0.2476 0.1047 0.3969
0.5084 0.4916 0.2561 0.2523 0.0998 0.3918
0.4972 0.5028 0.2478 0.2494 0.0974 0.4054
0.5121 0.4879 0.2522 0.2599 0.0985 0.3894
0.5009 0.4991 0.25 0.2509 0.1044 0.3947
0.4919 0.5081 0.2446 0.2473 0.1028 0.4053
0.51 0.49 0.2488 0.2612 0.0943 0.3957
0.5015 0.4985 0.2517 0.2498 0.0972 0.4013
0.5054 0.4946 0.2507 0.2547 0.0982 0.3964
0.498 0.502 0.2452 0.2528 0.1004 0.4016
0.4971 0.5029 0.248 0.2491 0.0972 0.4057
0.4977 0.5023 0.2527 0.245 0.1043 0.398
0.5006 0.4994 0.2522 0.2484 0.1012 0.3982
0.5014 0.4986 0.2512 0.2502 0.102 0.3966
0.5021 0.4979 0.2517 0.2504 0.1034 0.3945
0.4998 0.5002 0.249 0.2508 0.0982 0.402
0.4927 0.5073 0.2472 0.2455 0.1012 0.4061
0.5011 0.4989 0.2535 0.2476 0.0995 0.3994
0.497 0.503 0.2545 0.2425 0.1013 0.4017
0.5019 0.4981 0.2559 0.246 0.1041 0.394
0.4999 0.5001 0.2502 0.2497 0.1009 0.3992
0.5007 0.4993 0.2448 0.2559 0.1024 0.3969
0.4916 0.5084 0.2398 0.2518 0.1025 0.4059
0.5028 0.4972 0.2474 0.2554 0.1004 0.3968
0.5003 0.4997 0.2487 0.2516 0.0977 0.402
0.501 0.499 0.2521 0.2489 0.0985 0.4005
0.5016 0.4984 0.2471 0.2545 0.1002 0.3982
0.4959 0.5041 0.2484 0.2475 0.0991 0.405
0.5034 0.4966 0.2436 0.2598 0.0979 0.3987
0.5058 0.4942 0.2497 0.2561 0.1 0.3942
0.4938 0.5062 0.2468 0.247 0.1035 0.4027
0.5011 0.4989 0.2448 0.2563 0.0976 0.4013
0.502 0.498 0.2509 0.2511 0.0958 0.4022
0.4942 0.5058 0.2484 0.2458 0.1059 0.3999
0.4924 0.5076 0.2521 0.2403 0.0979 0.4097
0.4981 0.5019 0.2484 0.2497 0.1013 0.4006
0.5028 0.4972 0.2503 0.2525 0.0986 0.3986
0.497 0.503 0.2443 0.2527 0.0982 0.4048
0.5019 0.4981 0.2545 0.2474 0.0956 0.4025
0.5021 0.4979 0.2575 0.2446 0.0996 0.3983
0.5 0.5 0.2494 0.2506 0.099 0.401
0.5055 0.4945 0.2504 0.2551 0.1047 0.3898
0.5072 0.4928 0.2545 0.2527 0.1037 0.3891
0.5017 0.4983 0.2559 0.2458 0.0936 0.4047
0.5053 0.4947 0.2559 0.2494 0.0975 0.3972
0.4948 0.5052 0.2536 0.2412 0.1014 0.4038
0.5052 0.4948 0.2495 0.2557 0.0995 0.3953
0.4977 0.5023 0.2536 0.2441 0.098 0.4043
0.4992 0.5008 0.2503 0.2489 0.0995 0.4013
0.507 0.493 0.2525 0.2545 0.0935 0.3995
0.5023 0.4977 0.254 0.2483 0.1 0.3977
0.5032 0.4968 0.255 0.2482 0.0981 0.3987
0.4992 0.5008 0.2586 0.2406 0.0962 0.4046
0.5003 0.4997 0.2572 0.2431 0.1022 0.3975
0.4976 0.5024 0.25 0.2476 0.1038 0.3986
0.4879 0.5121 0.2459 0.242 0.1023 0.4098
0.4966 0.5034 0.2493 0.2473 0.1001 0.4033
0.5004 0.4996 0.2493 0.2511 0.0981 0.4015
0.5042 0.4958 0.2512 0.253 0.0978 0.398
0.4993 0.5007 0.2528 0.2465 0.1005 0.4002
0.5025 0.4975 0.2532 0.2493 0.0962 0.4013
0.4989 0.5011 0.2516 0.2473 0.0982 0.4029
0.5006 0.4994 0.2476 0.253 0.0998 0.3996
0.4949 0.5051 0.2469 0.248 0.1024 0.4027
0.4989 0.5011 0.2551 0.2438 0.103 0.3981
0.4963 0.5037 0.2445 0.2518 0.1026 0.4011
0.4974 0.5026 0.2542 0.2432 0.1019 0.4007
0.4974 0.5026 0.2499 0.2475 0.0978 0.4048
0.4999 0.5001 0.245 0.2549 0.1 0.4001
0.4979 0.5021 0.2512 0.2467 0.1011 0.401
0.4956 0.5044 0.2426 0.253 0.1037 0.4007
0.4924 0.5076 0.2418 0.2506 0.1068 0.4008
0.4987 0.5013 0.2503 0.2484 0.0993 0.402
0.5082 0.4918 0.254 0.2542 0.0989 0.3929
0.4996 0.5004 0.2544 0.2452 0.1008 0.3996
0.4972 0.5028 0.2489 0.2483 0.1001 0.4027
0.5007 0.4993 0.2553 0.2454 0.1026 0.3967
0.4946 0.5054 0.2406 0.254 0.1018 0.4036
0.5033 0.4967 0.2578 0.2455 0.1034 0.3933
0.4943 0.5057 0.2464 0.2479 0.1021 0.4036
0.5025 0.4975 0.2493 0.2532 0.0991 0.3984
0.5056 0.4944 0.2564 0.2492 0.1017 0.3927
0.5074 0.4926 0.251 0.2564 0.0949 0.3977
0.5092 0.4908 0.2557 0.2535 0.1021 0.3887
0.4994 0.5006 0.2536 0.2458 0.0963 0.4043
0.5058 0.4942 0.2526 0.2532 0.099 0.3952
0.4965 0.5035 0.2522 0.2443 0.1054 0.3981
0.5017 0.4983 0.2562 0.2455 0.0995 0.3988
0.4957 0.5043 0.2509 0.2448 0.0992 0.4051
0.4936 0.5064 0.2435 0.2501 0.1026 0.4038
0.5168 0.4832 0.2562 0.2606 0.0971 0.3861
0.4996 0.5004 0.2544 0.2452 0.1005 0.3999
0.5012 0.4988 0.2448 0.2564 0.1016 0.3972
0.5062 0.4938 0.2469 0.2593 0.1033 0.3905
0.5012 0.4988 0.2502 0.251 0.097 0.4018
0.4968 0.5032 0.2519 0.2449 0.1004 0.4028
0.5049 0.4951 0.2514 0.2535 0.1029 0.3922
0.5014 0.4986 0.2543 0.2471 0.097 0.4016
0.4981 0.5019 0.2491 0.249 0.0987 0.4032
0.4991 0.5009 0.2521 0.247 0.1024 0.3985
0.4964 0.5036 0.2521 0.2443 0.1023 0.4013
0.4966 0.5034 0.2515 0.2451 0.0995 0.4039
0.5029 0.4971 0.2558 0.2471 0.0986 0.3985
0.5026 0.4974 0.2551 0.2475 0.0993 0.3981
0.5068 0.4932 0.2612 0.2456 0.1004 0.3928
0.4952 0.5048 0.2488 0.2464 0.1023 0.4025
0.4979 0.5021 0.2504 0.2475 0.0946 0.4075
0.493 0.507 0.2438 0.2492 0.1037 0.4033
0.5013 0.4987 0.2472 0.2541 0.096 0.4027
0.4998 0.5002 0.2518 0.248 0.1066 0.3936
0.4953 0.5047 0.2461 0.2492 0.1034 0.4013
0.5082 0.4918 0.2562 0.252 0.0995 0.3923
0.5017 0.4983 0.2545 0.2472 0.098 0.4003
0.5028 0.4972 0.2456 0.2572 0.0984 0.3988
0.5032 0.4968 0.2538 0.2494 0.104 0.3928
0.4993 0.5007 0.2527 0.2466 0.1012 0.3995
0.504 0.496 0.2553 0.2487 0.0959 0.4001
0.5026 0.4974 0.2475 0.2551 0.1006 0.3968
0.4995 0.5005 0.2499 0.2496 0.0938 0.4067
0.5089 0.4911 0.2509 0.258 0.0991 0.392
0.4967 0.5033 0.246 0.2507 0.101 0.4023
0.5047 0.4953 0.2577 0.247 0.1039 0.3914
0.4898 0.5102 0.2457 0.2441 0.1019 0.4083
0.5059 0.4941 0.2459 0.26 0.0998 0.3943
0.4997 0.5003 0.2494 0.2503 0.1003 0.4
0.4928 0.5072 0.2452 0.2476 0.0981 0.4091
0.4954 0.5046 0.2453 0.2501 0.0989 0.4057
0.5074 0.4926 0.2474 0.26 0.101 0.3916
0.4987 0.5013 0.2428 0.2559 0.1073 0.394
0.4959 0.5041 0.2434 0.2525 0.1017 0.4024
0.4886 0.5114 0.2455 0.2431 0.0985 0.4129
0.5077 0.4923 0.2556 0.2521 0.0956 0.3967
0.4909 0.5091 0.2494 0.2415 0.106 0.4031
0.5008 0.4992 0.2498 0.251 0.0972 0.402
0.4963 0.5037 0.2484 0.2479 0.1041 0.3996
0.4997 0.5003 0.2462 0.2535 0.0976 0.4027
0.5005 0.4995 0.2441 0.2564 0.1 0.3995
0.494 0.506 0.2485 0.2455 0.0955 0.4105
0.4981 0.5019 0.2457 0.2524 0.1012 0.4007
0.5002 0.4998 0.2487 0.2515 0.1038 0.396
0.5041 0.4959 0.2502 0.2539 0.1009 0.395
0.4981 0.5019 0.2428 0.2553 0.1007 0.4012
0.5195 0.4805 0.2567 0.2628 0.098 0.3825
0.4967 0.5033 0.2476 0.2491 0.1015 0.4018
0.4973 0.5027 0.2475 0.2498 0.0981 0.4046
0.4919 0.5081 0.2487 0.2432 0.0995 0.4086
0.4982 0.5018 0.2429 0.2553 0.0997 0.4021
0.496 0.504 0.2505 0.2455 0.0979 0.4061
0.4961 0.5039 0.2482 0.2479 0.1029 0.401
0.4971 0.5029 0.252 0.2451 0.102 0.4009
0.5004 0.4996 0.2525 0.2479 0.1012 0.3984
0.4994 0.5006 0.2495 0.2499 0.0977 0.4029
0.5016 0.4984 0.2486 0.253 0.0942 0.4042
0.5136 0.4864 0.2624 0.2512 0.1008 0.3856
0.5032 0.4968 0.2416 0.2616 0.0992 0.3976
0.4946 0.5054 0.2459 0.2487 0.0994 0.406
0.5028 0.4972 0.2466 0.2562 0.0965 0.4007
0.4985 0.5015 0.2476 0.2509 0.0966 0.4049
0.5005 0.4995 0.2485 0.252 0.0925 0.407
0.4916 0.5084 0.2535 0.2381 0.1037 0.4047
0.5048 0.4952 0.252 0.2528 0.102 0.3932
0.5095 0.4905 0.2579 0.2516 0.0993 0.3912
0.5052 0.4948 0.2511 0.2541 0.0953 0.3995
0.5078 0.4922 0.2555 0.2523 0.0996 0.3926
0.4978 0.5022 0.2495 0.2483 0.1028 0.3994
0.4999 0.5001 0.2527 0.2472 0.1025 0.3976
0.5011 0.4989 0.2508 0.2503 0.1013 0.3976
0.4969 0.5031 0.2472 0.2497 0.1022 0.4009
0.4933 0.5067 0.2431 0.2502 0.1053 0.4014
0.503 0.497 0.2522 0.2508 0.1016 0.3954
0.5009 0.4991 0.2475 0.2534 0.0934 0.4057
0.5018 0.4982 0.2558 0.246 0.1013 0.3969
0.4959 0.5041 0.2418 0.2541 0.0993 0.4048
0.5002 0.4998 0.2524 0.2478 0.0958 0.404
0.5071 0.4929 0.253 0.2541 0.0997 0.3932
0.4934 0.5066 0.2505 0.2429 0.0966 0.41
0.5014 0.4986 0.2535 0.2479 0.0961 0.4025
0.4976 0.5024 0.2473 0.2503 0.1038 0.3986
0.4949 0.5051 0.245 0.2499 0.1011 0.404
0.4984 0.5016 0.2493 0.2491 0.0967 0.4049
0.4978 0.5022 0.2424 0.2554 0.1062 0.396
0.4955 0.5045 0.2389 0.2566 0.1014 0.4031
0.5039 0.4961 0.2557 0.2482 0.104 0.3921
0.4971 0.5029 0.2437 0.2534 0.1005 0.4024
0.4989 0.5011 0.2536 0.2453 0.1004 0.4007
0.5094 0.4906 0.2514 0.258 0.1 0.3906
0.5031 0.4969 0.2523 0.2508 0.1044 0.3925
0.4931 0.5069 0.2442 0.2489 0.1034 0.4035
0.4936 0.5064 0.2503 0.2433 0.1034 0.403
0.4961 0.5039 0.2563 0.2398 0.1023 0.4016
0.4976 0.5024 0.2448 0.2528 0.0951 0.4073
0.5073 0.4927 0.2582 0.2491 0.0954 0.3973
0.5008 0.4992 0.2476 0.2532 0.0983 0.4009
0.497 0.503 0.2452 0.2518 0.0987 0.4043
0.4967 0.5033 0.2529 0.2438 0.0966 0.4067
0.5019 0.4981 0.2497 0.2522 0.0985 0.3996
0.4951 0.5049 0.2504 0.2447 0.1028 0.4021
0.4996 0.5004 0.2506 0.249 0.1014 0.399
0.4929 0.5071 0.2445 0.2484 0.1006 0.4065
0.4987 0.5013 0.2436 0.2551 0.1 0.4013
0.4993 0.5007 0.2498 0.2495 0.0981 0.4026
0.4985 0.5015 0.2473 0.2512 0.1014 0.4001
0.4974 0.5026 0.2535 0.2439 0.1006 0.402
0.5016 0.4984 0.2546 0.247 0.101 0.3974
0.5014 0.4986 0.25 0.2514 0.1048 0.3938
0.4871 0.5129 0.2388 0.2483 0.1047 0.4082
0.4972 0.5028 0.2599 0.2373 0.1051 0.3977
0.5076 0.4924 0.2549 0.2527 0.0992 0.3932
0.505 0.495 0.2527 0.2523 0.0957 0.3993
0.4916 0.5084 0.2458 0.2458 0.1031 0.4053
0.5014 0.4986 0.2478 0.2536 0.0992 0.3994
0.4967 0.5033 0.2508 0.2459 0.1022 0.4011
0.4947 0.5053 0.2534 0.2413 0.099 0.4063
0.4976 0.5024 0.2527 0.2449 0.0974 0.405
0.5006 0.4994 0.245 0.2556 0.0999 0.3995
0.5004 0.4996 0.2535 0.2469 0.1002 0.3994
0.5063 0.4937 0.2505 0.2558 0.1004 0.3933
0.4896 0.5104 0.238 0.2516 0.1015 0.4089
0.5006 0.4994 0.2496 0.251 0.1027 0.3967
0.5044 0.4956 0.2525 0.2519 0.0941 0.4015
0.4989 0.5011 0.2462 0.2527 0.1019 0.3992
0.4969 0.5031 0.2548 0.2421 0.1017 0.4014
0.4956 0.5044 0.2434 0.2522 0.1035 0.4009
0.4957 0.5043 0.2462 0.2495 0.1039 0.4004
0.5019 0.4981 0.2595 0.2424 0.0997 0.3984
0.5076 0.4924 0.246 0.2616 0.0969 0.3955
0.4998 0.5002 0.255 0.2448 0.0981 0.4021
0.5004 0.4996 0.2536 0.2468 0.1025 0.3971
0.503 0.497 0.2435 0.2595 0.1024 0.3946
0.4939 0.5061 0.2449 0.249 0.0995 0.4066
0.5066 0.4934 0.2489 0.2577 0.1 0.3934
0.5024 0.4976 0.2539 0.2485 0.102 0.3956
0.4976 0.5024 0.2504 0.2472 0.1016 0.4008
0.4932 0.5068 0.2498 0.2434 0.0975 0.4093
0.4971 0.5029 0.248 0.2491 0.099 0.4039
0.4966 0.5034 0.2502 0.2464 0.0988 0.4046
0.5014 0.4986 0.2562 0.2452 0.1009 0.3977
0.5009 0.4991 0.2484 0.2525 0.1011 0.398
0.5014 0.4986 0.2499 0.2515 0.1008 0.3978
0.4949 0.5051 0.2506 0.2443 0.1034 0.4017
0.5006 0.4994 0.2558 0.2448 0.1023 0.3971
0.5013 0.4987 0.2463 0.255 0.0986 0.4001
0.4989 0.5011 0.2521 0.2468 0.1047 0.3964
0.5041 0.4959 0.2511 0.253 0.1015 0.3944
0.4983 0.5017 0.2557 0.2426 0.0989 0.4028
0.4907 0.5093 0.243 0.2477 0.1027 0.4066
0.4982 0.5018 0.2467 0.2515 0.1018 0.4
0.4978 0.5022 0.2468 0.251 0.1033 0.3989
0.5019 0.4981 0.248 0.2539 0.1004 0.3977
0.5051 0.4949 0.2535 0.2516 0.0949 0.4
0.5014 0.4986 0.2444 0.257 0.0984 0.4002
0.4896 0.5104 0.242 0.2476 0.1026 0.4078
0.5052 0.4948 0.2554 0.2498 0.1017 0.3931
0.499 0.501 0.2476 0.2514 0.1019 0.3991
0.4984 0.5016 0.2485 0.2499 0.1005 0.4011
0.4966 0.5034 0.244 0.2526 0.0983 0.4051
0.5015 0.4985 0.2475 0.254 0.0981 0.4004
0.5018 0.4982 0.2536 0.2482 0.097 0.4012
0.5058 0.4942 0.2504 0.2554 0.0923 0.4019
0.4967 0.5033 0.2497 0.247 0.1044 0.3989
0.4984 0.5016 0.2484 0.25 0.1004 0.4012
0.498 0.502 0.2491 0.2489 0.0964 0.4056
0.5068 0.4932 0.2546 0.2522 0.0994 0.3938
0.5065 0.4935 0.253 0.2535 0.1056 0.3879
0.5083 0.4917 0.2535 0.2548 0.099 0.3927
0.4991 0.5009 0.2476 0.2515 0.0992 0.4017
0.5062 0.4938 0.2503 0.2559 0.099 0.3948
0.4964 0.5036 0.2532 0.2432 0.1026 0.401
0.5002 0.4998 0.254 0.2462 0.1038 0.396
0.4993 0.5007 0.2512 0.2481 0.1019 0.3988
0.5034 0.4966 0.2544 0.249 0.1007 0.3959
0.5062 0.4938 0.2555 0.2507 0.0985 0.3953
0.5034 0.4966 0.2485 0.2549 0.0945 0.4021
0.4988 0.5012 0.2499 0.2489 0.1013 0.3999
0.5043 0.4957 0.2548 0.2495 0.1028 0.3929
0.5092 0.4908 0.2529 0.2563 0.0975 0.3933
0.5033 0.4967 0.2542 0.2491 0.0977 0.399
0.4993 0.5007 0.2504 0.2489 0.1041 0.3966
0.5001 0.4999 0.2485 0.2516 0.0975 0.4024
0.4905 0.5095 0.2417 0.2488 0.0974 0.4121
0.5055 0.4945 0.2514 0.2541 0.0985 0.396
0.4905 0.5095 0.2464 0.2441 0.1021 0.4074
0.5026 0.4974 0.2425 0.2601 0.0995 0.3979
0.4895 0.5105 0.2465 0.243 0.107 0.4035
0.4953 0.5047 0.2438 0.2515 0.0973 0.4074
0.5044 0.4956 0.2451 0.2593 0.1032 0.3924
0.4974 0.5026 0.254 0.2434 0.1028 0.3998
0.4995 0.5005 0.2498 0.2497 0.0992 0.4013
0.4977 0.5023 0.2562 0.2415 0.1018 0.4005
0.5044 0.4956 0.2546 0.2498 0.0997 0.3959
0.4982 0.5018 0.2527 0.2455 0.1058 0.396
0.5014 0.4986 0.2516 0.2498 0.0977 0.4009
0.5047 0.4953 0.2497 0.255 0.1019 0.3934
0.5009 0.4991 0.2549 0.246 0.0965 0.4026
0.5052 0.4948 0.253 0.2522 0.099 0.3958
0.5026 0.4974 0.2533 0.2493 0.1004 0.397
0.5014 0.4986 0.2487 0.2527 0.1016 0.397
0.4991 0.5009 0.2512 0.2479 0.1036 0.3973
0.4943 0.5057 0.2526 0.2417 0.1002 0.4055
0.495 0.505 0.2458 0.2492 0.1042 0.4008
0.4972 0.5028 0.2425 0.2547 0.1 0.4028
0.4942 0.5058 0.2401 0.2541 0.1028 0.403
0.4972 0.5028 0.2526 0.2446 0.0977 0.4051
0.493 0.507 0.2374 0.2556 0.0971 0.4099
0.5061 0.4939 0.2544 0.2517 0.0956 0.3983
0.4964 0.5036 0.2526 0.2438 0.1043 0.3993
0.5003 0.4997 0.2583 0.242 0.1029 0.3968
0.5053 0.4947 0.2494 0.2559 0.0992 0.3955
0.5009 0.4991 0.2453 0.2556 0.0978 0.4013
0.4947 0.5053 0.2469 0.2478 0.0997 0.4056
0.4976 0.5024 0.2494 0.2482 0.1011 0.4013
0.4909 0.5091 0.2454 0.2455 0.1056 0.4035
0.4971 0.5029 0.2507 0.2464 0.1012 0.4017
0.4969 0.5031 0.2482 0.2487 0.0955 0.4076
0.4999 0.5001 0.2457 0.2542 0.101 0.3991
0.5036 0.4964 0.2564 0.2472 0.0985 0.3979
0.504 0.496 0.2464 0.2576 0.1014 0.3946
0.4994 0.5006 0.2436 0.2558 0.107 0.3936
0.4944 0.5056 0.2447 0.2497 0.0987 0.4069
0.5077 0.4923 0.257 0.2507 0.0996 0.3927
0.4874 0.5126 0.2391 0.2483 0.1067 0.4059
0.5058 0.4942 0.2457 0.2601 0.101 0.3932
0.5039 0.4961 0.2433 0.2606 0.0922 0.4039
0.499 0.501 0.2514 0.2476 0.0963 0.4047
0.4997 0.5003 0.2511 0.2486 0.1027 0.3976
0.5077 0.4923 0.2526 0.2551 0.0989 0.3934
0.4958 0.5042 0.2502 0.2456 0.1001 0.4041
0.5012 0.4988 0.2512 0.25 0.1006 0.3982
0.4997 0.5003 0.2447 0.255 0.0999 0.4004
0.5005 0.4995 0.2495 0.251 0.1011 0.3984
0.4955 0.5045 0.2476 0.2479 0.1038 0.4007
0.5006 0.4994 0.2478 0.2528 0.0972 0.4022
0.4973 0.5027 0.2518 0.2455 0.1028 0.3999
0.4956 0.5044 0.2508 0.2448 0.0991 0.4053
0.508 0.492 0.2561 0.2519 0.1043 0.3877
0.5038 0.4962 0.2498 0.254 0.1022 0.394
0.5038 0.4962 0.2514 0.2524 0.0981 0.3981
0.4983 0.5017 0.2497 0.2486 0.1002 0.4015
0.499 0.501 0.2511 0.2479 0.0983 0.4027
0.5017 0.4983 0.253 0.2487 0.0975 0.4008
0.502 0.498 0.2478 0.2542 0.094 0.404
0.4955 0.5045 0.2533 0.2422 0.1028 0.4017
0.4942 0.5058 0.2439 0.2503 0.1026 0.4032
0.4976 0.5024 0.2494 0.2482 0.1015 0.4009
0.5055 0.4945 0.2498 0.2557 0.0994 0.3951
0.5008 0.4992 0.2514 0.2494 0.097 0.4022
0.4992 0.5008 0.2538 0.2454 0.1017 0.3991
0.5015 0.4985 0.2548 0.2467 0.1024 0.3961
0.4981 0.5019 0.2483 0.2498 0.0991 0.4028
0.4988 0.5012 0.2494 0.2494 0.0977 0.4035
0.4945 0.5055 0.2507 0.2438 0.1088 0.3967
0.501 0.499 0.2513 0.2497 0.1004 0.3986
0.501 0.499 0.2527 0.2483 0.1004 0.3986
0.5035 0.4965 0.2495 0.254 0.1014 0.3951
0.5065 0.4935 0.2595 0.247 0.1004 0.3931
0.5023 0.4977 0.2577 0.2446 0.0961 0.4016
0.4907 0.5093 0.2468 0.2439 0.1067 0.4026
0.5074 0.4926 0.2564 0.251 0.099 0.3936
0.502 0.498 0.2456 0.2564 0.1005 0.3975
0.4932 0.5068 0.2472 0.246 0.1001 0.4067
0.5039 0.4961 0.25 0.2539 0.1003 0.3958
0.4984 0.5016 0.2507 0.2477 0.1 0.4016
0.5009 0.4991 0.2473 0.2536 0.1003 0.3988
0.4991 0.5009 0.2519 0.2472 0.0986 0.4023
0.4992 0.5008 0.2492 0.25 0.1026 0.3982
0.5044 0.4956 0.2552 0.2492 0.106 0.3896
0.5087 0.4913 0.2525 0.2562 0.104 0.3873
0.494 0.506 0.2478 0.2462 0.0994 0.4066
0.5073 0.4927 0.2508 0.2565 0.1017 0.391
0.5106 0.4894 0.2653 0.2453 0.0992 0.3902
0.5017 0.4983 0.2547 0.247 0.1022 0.3961
0.4909 0.5091 0.2413 0.2496 0.1038 0.4053
0.498 0.502 0.2545 0.2435 0.1002 0.4018
0.508 0.492 0.2566 0.2514 0.0986 0.3934
0.4965 0.5035 0.2482 0.2483 0.1004 0.4031
0.5054 0.4946 0.2494 0.256 0.1021 0.3925
0.4917 0.5083 0.2455 0.2462 0.1031 0.4052
0.5029 0.4971 0.2559 0.247 0.1024 0.3947
0.5004 0.4996 0.2555 0.2449 0.0967 0.4029
0.5003 0.4997 0.2585 0.2418 0.1038 0.3959
0.5018 0.4982 0.2551 0.2467 0.1033 0.3949
0.4989 0.5011 0.2562 0.2427 0.1002 0.4009
0.4997 0.5003 0.2493 0.2504 0.0971 0.4032
0.5096 0.4904 0.2582 0.2514 0.1027 0.3877
0.4945 0.5055 0.25 0.2445 0.1044 0.4011
0.4975 0.5025 0.2474 0.2501 0.0966 0.4059
0.4965 0.5035 0.2498 0.2467 0.0967 0.4068
0.5029 0.4971 0.2445 0.2584 0.0966 0.4005
0.5059 0.4941 0.2491 0.2568 0.1026 0.3915
0.5083 0.4917 0.2508 0.2575 0.0901 0.4016
0.5032 0.4968 0.2484 0.2548 0.1032 0.3936
0.4972 0.5028 0.2484 0.2488 0.1069 0.3959
0.4966 0.5034 0.2486 0.248 0.1013 0.4021
0.4993 0.5007 0.2458 0.2535 0.097 0.4037
0.5088 0.4912 0.2572 0.2516 0.098 0.3932
0.4984 0.5016 0.249 0.2494 0.099 0.4026
0.4933 0.5067 0.2503 0.243 0.1061 0.4006
0.4949 0.5051 0.2439 0.251 0.0954 0.4097
0.5051 0.4949 0.2523 0.2528 0.0982 0.3967
0.5055 0.4945 0.255 0.2505 0.099 0.3955
0.5093 0.4907 0.2557 0.2536 0.0995 0.3912
0.5089 0.4911 0.2565 0.2524 0.0989 0.3922
0.5039 0.4961 0.2596 0.2443 0.1009 0.3952
0.5053 0.4947 0.2486 0.2567 0.1003 0.3944
0.4999 0.5001 0.2465 0.2534 0.1 0.4001
0.5003 0.4997 0.2551 0.2452 0.102 0.3977
0.4978 0.5022 0.2477 0.2501 0.1025 0.3997
0.4915 0.5085 0.2475 0.244 0.1019 0.4066
0.4993 0.5007 0.2494 0.2499 0.1019 0.3988
0.4985 0.5015 0.2474 0.2511 0.1005 0.401
0.4994 0.5006 0.2521 0.2473 0.1005 0.4001
0.4941 0.5059 0.2487 0.2454 0.1043 0.4016
0.4965 0.5035 0.2522 0.2443 0.1018 0.4017
0.5024 0.4976 0.2531 0.2493 0.1047 0.3929
0.4969 0.5031 0.2468 0.2501 0.1045 0.3986
0.5026 0.4974 0.2516 0.251 0.098 0.3994
0.4959 0.5041 0.2479 0.248 0.1028 0.4013
0.4998 0.5002 0.2525 0.2473 0.0985 0.4017
0.5074 0.4926 0.2539 0.2535 0.0937 0.3989
0.5 0.5 0.2514 0.2486 0.0954 0.4046
0.4992 0.5008 0.2538 0.2454 0.101 0.3998
0.4934 0.5066 0.2472 0.2462 0.0983 0.4083
0.501 0.499 0.2511 0.2499 0.1038 0.3952
0.4974 0.5026 0.2525 0.2449 0.099 0.4036
0.4969 0.5031 0.2479 0.249 0.1022 0.4009
0.4982 0.5018 0.2525 0.2457 0.0986 0.4032
0.5044 0.4956 0.2516 0.2528 0.095 0.4006
0.4949 0.5051 0.2494 0.2455 0.1033 0.4018
0.5092 0.4908 0.2551 0.2541 0.0971 0.3937
0.5066 0.4934 0.2557 0.2509 0.0978 0.3956
0.5002 0.4998 0.2529 0.2473 0.1011 0.3987
0.5078 0.4922 0.255 0.2528 0.1003 0.3919
0.4979 0.5021 0.2457 0.2522 0.0996 0.4025
0.508 0.492 0.2573 0.2507 0.1023 0.3897
0.5102 0.4898 0.2621 0.2481 0.0976 0.3922
0.4988 0.5012 0.2514 0.2474 0.104 0.3972
0.5055 0.4945 0.2529 0.2526 0.0952 0.3993
0.4974 0.5026 0.2491 0.2483 0.0983 0.4043
0.5009 0.4991 0.2502 0.2507 0.105 0.3941
0.497 0.503 0.248 0.249 0.1013 0.4017
0.4947 0.5053 0.248 0.2467 0.1064 0.3989
0.501 0.499 0.2528 0.2482 0.1008 0.3982
0.5024 0.4976 0.249 0.2534 0.0984 0.3992
0.5043 0.4957 0.2481 0.2562 0.1013 0.3944
0.5096 0.4904 0.2582 0.2514 0.0973 0.3931
0.4985 0.5015 0.2516 0.2469 0.0963 0.4052
0.5079 0.4921 0.2564 0.2515 0.0975 0.3946
0.4985 0.5015 0.2488 0.2497 0.1034 0.3981
0.51 0.49 0.2535 0.2565 0.098 0.392
0.4932 0.5068 0.2497 0.2435 0.0974 0.4094
0.502 0.498 0.2508 0.2512 0.096 0.402
0.4987 0.5013 0.2503 0.2484 0.1035 0.3978
0.5052 0.4948 0.2536 0.2516 0.0961 0.3987
0.4945 0.5055 0.2462 0.2483 0.1049 0.4006
0.494 0.506 0.2431 0.2509 0.1036 0.4024
0.4975 0.5025 0.2462 0.2513 0.0995 0.403
0.4908 0.5092 0.2502 0.2406 0.1005 0.4087
0.4927 0.5073 0.2538 0.2389 0.1017 0.4056
0.5057 0.4943 0.2535 0.2522 0.0993 0.395
0.4977 0.5023 0.2497 0.248 0.096 0.4063
0.5085 0.4915 0.2491 0.2594 0.1044 0.3871
0.4985 0.5015 0.2462 0.2523 0.1003 0.4012
0.4999 0.5001 0.2471 0.2528 0.0963 0.4038
0.5005 0.4995 0.2477 0.2528 0.0971 0.4024
0.4979 0.5021 0.2468 0.2511 0.1009 0.4012
0.5033 0.4967 0.2546 0.2487 0.0963 0.4004
0.4994 0.5006 0.2524 0.247 0.1007 0.3999
0.4933 0.5067 0.246 0.2473 0.1018 0.4049
0.4936 0.5064 0.2492 0.2444 0.1 0.4064
0.5014 0.4986 0.2471 0.2543 0.1011 0.3975
0.5076 0.4924 0.2571 0.2505 0.0918 0.4006
0.4967 0.5033 0.2518 0.2449 0.099 0.4043
0.5081 0.4919 0.2528 0.2553 0.1033 0.3886
0.5015 0.4985 0.2509 0.2506 0.103 0.3955
0.5099 0.4901 0.2565 0.2534 0.1034 0.3867
0.5084 0.4916 0.257 0.2514 0.1011 0.3905
0.4969 0.5031 0.2473 0.2496 0.0975 0.4056
0.5081 0.4919 0.2568 0.2513 0.1013 0.3906
0.4974 0.5026 0.2401 0.2573 0.0994 0.4032
0.5009 0.4991 0.2457 0.2552 0.1029 0.3962
0.4987 0.5013 0.2476 0.2511 0.1032 0.3981
0.5053 0.4947 0.2518 0.2535 0.1013 0.3934
0.5027 0.4973 0.2539 0.2488 0.0946 0.4027
0.5001 0.4999 0.2466 0.2535 0.1018 0.3981
0.5005 0.4995 0.2495 0.251 0.0994 0.4001
0.5046 0.4954 0.257 0.2476 0.1014 0.394
0.5082 0.4918 0.2569 0.2513 0.0973 0.3945
0.5045 0.4955 0.2592 0.2453 0.0974 0.3981
0.5063 0.4937 0.2442 0.2621 0.0982 0.3955
0.5063 0.4937 0.2564 0.2499 0.0952 0.3985
0.5012 0.4988 0.2501 0.2511 0.1021 0.3967
0.493 0.507 0.2454 0.2476 0.0983 0.4087
0.4901 0.5099 0.2426 0.2475 0.1 0.4099
0.5018 0.4982 0.2504 0.2514 0.1073 0.3909
0.4991 0.5009 0.2471 0.252 0.1011 0.3998
0.5021 0.4979 0.2525 0.2496 0.0967 0.4012
0.4998 0.5002 0.2513 0.2485 0.0954 0.4048
0.5078 0.4922 0.2615 0.2463 0.0921 0.4001
0.4904 0.5096 0.2424 0.248 0.095 0.4146
0.4899 0.5101 0.2453 0.2446 0.0996 0.4105
0.5023 0.4977 0.242 0.2603 0.0989 0.3988
0.5093 0.4907 0.2503 0.259 0.102 0.3887
0.506 0.494 0.2438 0.2622 0.1044 0.3896
0.4972 0.5028 0.2436 0.2536 0.0982 0.4046
0.4976 0.5024 0.2487 0.2489 0.0972 0.4052
0.497 0.503 0.2433 0.2537 0.0977 0.4053
0.5056 0.4944 0.2538 0.2518 0.0938 0.4006
0.5028 0.4972 0.2444 0.2584 0.094 0.4032
0.5039 0.4961 0.2566 0.2473 0.1058 0.3903
0.4901 0.5099 0.2504 0.2397 0.1048 0.4051
0.4916 0.5084 0.244 0.2476 0.0991 0.4093
0.5048 0.4952 0.2513 0.2535 0.0953 0.3999
0.5008 0.4992 0.2425 0.2583 0.0994 0.3998
0.4956 0.5044 0.2515 0.2441 0.1015 0.4029
0.4945 0.5055 0.2508 0.2437 0.0999 0.4056
0.5029 0.4971 0.2495 0.2534 0.0942 0.4029
0.4994 0.5006 0.2477 0.2517 0.0993 0.4013
0.4993 0.5007 0.247 0.2523 0.1017 0.399
0.497 0.503 0.2492 0.2478 0.0987 0.4043
0.4951 0.5049 0.2379 0.2572 0.1019 0.403
0.5026 0.4974 0.2535 0.2491 0.0988 0.3986
0.4952 0.5048 0.2431 0.2521 0.102 0.4028
0.5006 0.4994 0.2493 0.2513 0.1017 0.3977
0.4892 0.5108 0.2415 0.2477 0.1034 0.4074
0.4991 0.5009 0.2489 0.2502 0.1017 0.3992
0.4989 0.5011 0.2487 0.2502 0.1018 0.3993
0.5039 0.4961 0.2463 0.2576 0.0979 0.3982
0.5039 0.4961 0.248 0.2559 0.0961 0.4
0.4969 0.5031 0.2465 0.2504 0.0994 0.4037
0.4966 0.5034 0.2415 0.2551 0.1023 0.4011
0.4923 0.5077 0.2473 0.245 0.1026 0.4051
0.5059 0.4941 0.2552 0.2507 0.0934 0.4007
0.4974 0.5026 0.2479 0.2495 0.1026 0.4
0.4889 0.5111 0.2432 0.2457 0.1067 0.4044
0.5095 0.4905 0.2527 0.2568 0.1028 0.3877
0.4996 0.5004 0.2484 0.2512 0.1045 0.3959
0.508 0.492 0.2555 0.2525 0.1007 0.3913
0.5071 0.4929 0.2575 0.2496 0.1022 0.3907
0.4997 0.5003 0.2464 0.2533 0.0977 0.4026
0.4969 0.5031 0.247 0.2499 0.1039 0.3992
0.4925 0.5075 0.2426 0.2499 0.1033 0.4042
0.4978 0.5022 0.2468 0.251 0.1002 0.402
0.4922 0.5078 0.2522 0.24 0.1033 0.4045
0.4997 0.5003 0.251 0.2487 0.0997 0.4006
0.4956 0.5044 0.2508 0.2448 0.1014 0.403
0.5008 0.4992 0.2535 0.2473 0.099 0.4002
0.5082 0.4918 0.2575 0.2507 0.0944 0.3974
0.4956 0.5044 0.2499 0.2457 0.1049 0.3995
0.4995 0.5005 0.2381 0.2614 0.0959 0.4046
0.495 0.505 0.2451 0.2499 0.1076 0.3974
0.5032 0.4968 0.2487 0.2545 0.1033 0.3935
0.5049 0.4951 0.2477 0.2572 0.1006 0.3945
0.5087 0.4913 0.2557 0.253 0.0995 0.3918
0.5043 0.4957 0.2484 0.2559 0.1004 0.3953
0.5002 0.4998 0.2506 0.2496 0.102 0.3978
0.4889 0.5111 0.2425 0.2464 0.1036 0.4075
0.4997 0.5003 0.2497 0.25 0.1042 0.3961
0.5025 0.4975 0.2539 0.2486 0.1011 0.3964
0.4931 0.5069 0.2499 0.2432 0.1016 0.4053
0.5053 0.4947 0.2515 0.2538 0.0971 0.3976
0.5002 0.4998 0.2483 0.2519 0.101 0.3988
0.4964 0.5036 0.2505 0.2459 0.1023 0.4013
0.5055 0.4945 0.2552 0.2503 0.0936 0.4009
0.5144 0.4856 0.2557 0.2587 0.0979 0.3877
0.4996 0.5004 0.2489 0.2507 0.0994 0.401
0.4944 0.5056 0.2505 0.2439 0.0982 0.4074
0.5034 0.4966 0.2518 0.2516 0.0991 0.3975
0.501 0.499 0.2542 0.2468 0.0995 0.3995
0.499 0.501 0.2528 0.2462 0.0957 0.4053
0.495 0.505 0.2484 0.2466 0.0974 0.4076
0.4952 0.5048 0.2497 0.2455 0.0965 0.4083
0.4963 0.5037 0.2472 0.2491 0.1065 0.3972
0.4984 0.5016 0.2524 0.246 0.0978 0.4038
0.508 0.492 0.252 0.256 0.0965 0.3955
0.5095 0.4905 0.2558 0.2537 0.0933 0.3972
0.4963 0.5037 0.2504 0.2459 0.1011 0.4026
0.5045 0.4955 0.2568 0.2477 0.1029 0.3926
0.5019 0.4981 0.25 0.2519 0.0981 0.4
0.4965 0.5035 0.2483 0.2482 0.1038 0.3997
0.501 0.499 0.2552 0.2458 0.0967 0.4023
0.5023 0.4977 0.2494 0.2529 0.0928 0.4049
0.4904 0.5096 0.2512 0.2392 0.1019 0.4077
0.498 0.502 0.2517 0.2463 0.0972 0.4048
0.5012 0.4988 0.2459 0.2553 0.0913 0.4075
0.5075 0.4925 0.2524 0.2551 0.0985 0.394
0.5026 0.4974 0.2435 0.2591 0.1044 0.393
0.501 0.499 0.2494 0.2516 0.096 0.403
0.4971 0.5029 0.2465 0.2506 0.0981 0.4048
0.4963 0.5037 0.2525 0.2438 0.1016 0.4021
0.5027 0.4973 0.2514 0.2513 0.0981 0.3992
0.499 0.501 0.2481 0.2509 0.0955 0.4055
0.4939 0.5061 0.2444 0.2495 0.1024 0.4037
0.5035 0.4965 0.2464 0.2571 0.0995 0.397
0.5031 0.4969 0.2519 0.2512 0.0975 0.3994
0.4981 0.5019 0.2463 0.2518 0.1005 0.4014
0.5059 0.4941 0.2495 0.2564 0.101 0.3931
0.5004 0.4996 0.2502 0.2502 0.1018 0.3978
0.4975 0.5025 0.2419 0.2556 0.0965 0.406
0.4992 0.5008 0.2503 0.2489 0.1032 0.3976
0.4915 0.5085 0.2407 0.2508 0.0956 0.4129
0.4968 0.5032 0.2465 0.2503 0.1078 0.3954
0.5003 0.4997 0.2507 0.2496 0.1017 0.398
0.4924 0.5076 0.248 0.2444 0.0997 0.4079
0.4982 0.5018 0.2501 0.2481 0.1063 0.3955
0.5001 0.4999 0.2513 0.2488 0.0986 0.4013
0.503 0.497 0.2508 0.2522 0.1013 0.3957
0.5059 0.4941 0.242 0.2639 0.0976 0.3965
0.5052 0.4948 0.2503 0.2549 0.0974 0.3974
0.5 0.5 0.2499 0.2501 0.0985 0.4015
0.4927 0.5073 0.2429 0.2498 0.1021 0.4052
0.5112 0.4888 0.2497 0.2615 0.0986 0.3902
0.4899 0.5101 0.2478 0.2421 0.0966 0.4135
0.4976 0.5024 0.2449 0.2527 0.0984 0.404
0.5001 0.4999 0.254 0.2461 0.1031 0.3968
0.4926 0.5074 0.2451 0.2475 0.0975 0.4099
0.5035 0.4965 0.2524 0.2511 0.0972 0.3993
0.5029 0.4971 0.2517 0.2512 0.1066 0.3905
0.5034 0.4966 0.2559 0.2475 0.1066 0.39
0.4899 0.5101 0.2429 0.247 0.0976 0.4125
0.4977 0.5023 0.2474 0.2503 0.1018 0.4005
0.499 0.501 0.2493 0.2497 0.1007 0.4003
0.4965 0.5035 0.2533 0.2432 0.0977 0.4058
0.4988 0.5012 0.2502 0.2486 0.1021 0.3991
0.4997 0.5003 0.2456 0.2541 0.1039 0.3964
0.5025 0.4975 0.252 0.2505 0.101 0.3965
0.4977 0.5023 0.2458 0.2519 0.1013 0.401
0.5052 0.4948 0.2559 0.2493 0.0975 0.3973
0.5078 0.4922 0.2586 0.2492 0.0989 0.3933
0.4996 0.5004 0.2464 0.2532 0.098 0.4024
0.5043 0.4957 0.2471 0.2572 0.1032 0.3925
0.4972 0.5028 0.2527 0.2445 0.1022 0.4006
0.4956 0.5044 0.245 0.2506 0.1039 0.4005
0.5089 0.4911 0.259 0.2499 0.1057 0.3854
0.4997 0.5003 0.2471 0.2526 0.0945 0.4058
0.5033 0.4967 0.2502 0.2531 0.0954 0.4013
0.5061 0.4939 0.249 0.2571 0.1 0.3939
0.5022 0.4978 0.2515 0.2507 0.1028 0.395
0.4954 0.5046 0.2505 0.2449 0.103 0.4016
0.4961 0.5039 0.2476 0.2485 0.1051 0.3988
0.501 0.499 0.2449 0.2561 0.1006 0.3984
0.499 0.501 0.2472 0.2518 0.1009 0.4001
0.4988 0.5012 0.2492 0.2496 0.1004 0.4008
0.5056 0.4944 0.2467 0.2589 0.1011 0.3933
0.5001 0.4999 0.2489 0.2512 0.102 0.3979
0.4959 0.5041 0.2433 0.2526 0.1005 0.4036
0.498 0.502 0.2477 0.2503 0.0974 0.4046
0.5015 0.4985 0.2515 0.25 0.1037 0.3948
0.495 0.505 0.25 0.245 0.1008 0.4042
0.4944 0.5056 0.2423 0.2521 0.0951 0.4105
0.499 0.501 0.2491 0.2499 0.0997 0.4013
0.4966 0.5034 0.246 0.2506 0.0981 0.4053
0.499 0.501 0.2455 0.2535 0.102 0.399
0.4953 0.5047 0.2475 0.2478 0.1023 0.4024
0.5009 0.4991 0.2522 0.2487 0.1023 0.3968
0.51 0.49 0.2498 0.2602 0.0967 0.3933
0.4955 0.5045 0.242 0.2535 0.0989 0.4056
0.4986 0.5014 0.2452 0.2534 0.1018 0.3996
0.495 0.505 0.2506 0.2444 0.1023 0.4027
0.5047 0.4953 0.2559 0.2488 0.1009 0.3944
0.4998 0.5002 0.2442 0.2556 0.0977 0.4025
0.5085 0.4915 0.2572 0.2513 0.101 0.3905
0.4919 0.5081 0.2468 0.2451 0.0959 0.4122
0.501 0.499 0.2506 0.2504 0.1011 0.3979
0.4982 0.5018 0.2523 0.2459 0.1056 0.3962
0.4971 0.5029 0.2506 0.2465 0.1051 0.3978
0.5081 0.4919 0.2554 0.2527 0.1007 0.3912
0.493 0.507 0.2506 0.2424 0.1027 0.4043
0.5017 0.4983 0.2562 0.2455 0.101 0.3973
0.5125 0.4875 0.2573 0.2552 0.0972 0.3903
0.5101 0.4899 0.2568 0.2533 0.0957 0.3942
0.4928 0.5072 0.2496 0.2432 0.1011 0.4061
0.4976 0.5024 0.2516 0.246 0.096 0.4064
0.498 0.502 0.2492 0.2488 0.1023 0.3997
0.5068 0.4932 0.2584 0.2484 0.0989 0.3943
0.4978 0.5022 0.2472 0.2506 0.0947 0.4075
0.4938 0.5062 0.2456 0.2482 0.102 0.4042
0.4978 0.5022 0.2507 0.2471 0.1037 0.3985
0.5044 0.4956 0.2597 0.2447 0.1023 0.3933
0.4977 0.5023 0.2466 0.2511 0.098 0.4043
0.4989 0.5011 0.246 0.2529 0.099 0.4021
0.5047 0.4953 0.2481 0.2566 0.1014 0.3939
0.5076 0.4924 0.2548 0.2528 0.0944 0.398
0.496 0.504 0.2517 0.2443 0.1008 0.4032
0.5002 0.4998 0.2523 0.2479 0.1009 0.3989
0.4996 0.5004 0.2567 0.2429 0.1005 0.3999
0.5018 0.4982 0.2556 0.2462 0.0981 0.4001
0.5064 0.4936 0.2535 0.2529 0.0982 0.3954
0.507 0.493 0.2503 0.2567 0.1019 0.3911
0.4999 0.5001 0.2478 0.2521 0.107 0.3931
0.5015 0.4985 0.2523 0.2492 0.1023 0.3962
0.4994 0.5006 0.2457 0.2537 0.1031 0.3975
0.5058 0.4942 0.2487 0.2571 0.0988 0.3954
0.4994 0.5006 0.2485 0.2509 0.093 0.4076
0.5056 0.4944 0.2531 0.2525 0.0972 0.3972
0.4964 0.5036 0.2439 0.2525 0.0991 0.4045
0.4964 0.5036 0.2461 0.2503 0.1034 0.4002
0.4885 0.5115 0.2415 0.247 0.1041 0.4074
0.5009 0.4991 0.2531 0.2478 0.097 0.4021
0.4993 0.5007 0.2463 0.253 0.0973 0.4034
0.5032 0.4968 0.2549 0.2483 0.1017 0.3951
0.5012 0.4988 0.2481 0.2531 0.1025 0.3963
0.5003 0.4997 0.2494 0.2509 0.0971 0.4026
0.5099 0.4901 0.247 0.2629 0.0963 0.3938
0.4991 0.5009 0.2454 0.2537 0.0977 0.4032
0.5022 0.4978 0.2516 0.2506 0.1 0.3978
0.5055 0.4945 0.2516 0.2539 0.1032 0.3913
0.5006 0.4994 0.2498 0.2508 0.0994 0.4
0.4975 0.5025 0.2473 0.2502 0.0998 0.4027
0.4945 0.5055 0.2481 0.2464 0.0958 0.4097
0.4958 0.5042 0.2445 0.2513 0.1014 0.4028
0.5148 0.4852 0.2581 0.2567 0.0942 0.391
0.499 0.501 0.2524 0.2466 0.0988 0.4022
0.4966 0.5034 0.2456 0.251 0.0988 0.4046
0.4967 0.5033 0.2462 0.2505 0.097 0.4063
0.5038 0.4962 0.2519 0.2519 0.0988 0.3974
0.5036 0.4964 0.2482 0.2554 0.1004 0.396
0.4897 0.5103 0.2516 0.2381 0.1014 0.4089
0.5082 0.4918 0.2529 0.2553 0.1012 0.3906
0.5012 0.4988 0.2552 0.246 0.1008 0.398
0.501 0.499 0.2511 0.2499 0.0955 0.4035
0.4934 0.5066 0.2506 0.2428 0.1049 0.4017
0.5047 0.4953 0.2544 0.2503 0.1 0.3953
0.4977 0.5023 0.2385 0.2592 0.0991 0.4032
0.5001 0.4999 0.2486 0.2515 0.0992 0.4007
0.5029 0.4971 0.2477 0.2552 0.0966 0.4005
0.5003 0.4997 0.2443 0.256 0.0987 0.401
0.4981 0.5019 0.2438 0.2543 0.1037 0.3982
0.497 0.503 0.2543 0.2427 0.095 0.408
0.5049 0.4951 0.2543 0.2506 0.0969 0.3982
0.5058 0.4942 0.2589 0.2469 0.0968 0.3974
0.4992 0.5008 0.247 0.2522 0.1041 0.3967
0.4938 0.5062 0.2488 0.245 0.0983 0.4079
0.5027 0.4973 0.2526 0.2501 0.1027 0.3946
0.489 0.511 0.2464 0.2426 0.1019 0.4091
0.4966 0.5034 0.2448 0.2518 0.0972 0.4062
0.4963 0.5037 0.251 0.2453 0.1029 0.4008
0.4923 0.5077 0.2463 0.246 0.1024 0.4053
0.4989 0.5011 0.2566 0.2423 0.0951 0.406
0.5017 0.4983 0.2506 0.2511 0.1033 0.395
0.4996 0.5004 0.246 0.2536 0.1003 0.4001
0.4971 0.5029 0.2524 0.2447 0.1011 0.4018
0.4975 0.5025 0.2458 0.2517 0.0988 0.4037
0.4984 0.5016 0.2479 0.2505 0.0968 0.4048
0.5016 0.4984 0.2503 0.2513 0.097 0.4014
0.5058 0.4942 0.2475 0.2583 0.0941 0.4001
0.5033 0.4967 0.2508 0.2525 0.1 0.3967
0.5041 0.4959 0.2413 0.2628 0.1023 0.3936
0.498 0.502 0.2466 0.2514 0.0977 0.4043
0.5051 0.4949 0.2548 0.2503 0.0992 0.3957
0.4956 0.5044 0.2473 0.2483 0.1024 0.402
0.501 0.499 0.2476 0.2534 0.1011 0.3979
0.5072 0.4928 0.2592 0.248 0.0973 0.3955
0.4982 0.5018 0.2498 0.2484 0.0988 0.403
0.4998 0.5002 0.251 0.2488 0.1015 0.3987
0.4999 0.5001 0.2511 0.2488 0.105 0.3951
0.5061 0.4939 0.2519 0.2542 0.1005 0.3934
0.5048 0.4952 0.2529 0.2519 0.0952 0.4
0.4973 0.5027 0.247 0.2503 0.1004 0.4023
0.495 0.505 0.2458 0.2492 0.1032 0.4018
0.5046 0.4954 0.2521 0.2525 0.1002 0.3952
0.5051 0.4949 0.2598 0.2453 0.0989 0.396
0.4907 0.5093 0.2462 0.2445 0.0985 0.4108
