0.5024 0.4976 0.2482 0.2542 0.1236 0.374
0.5043 0.4957 0.2606 0.2437 0.1235 0.3722
0.4864 0.5136 0.2417 0.2447 0.1322 0.3814
0.4919 0.5081 0.2408 0.2511 0.1272 0.3809
0.4999 0.5001 0.2476 0.2523 0.126 0.3741
0.4972 0.5028 0.2513 0.2459 0.1215 0.3813
0.5 0.5 0.248 0.252 0.1274 0.3726
0.4931 0.5069 0.2483 0.2448 0.1277 0.3792
0.4971 0.5029 0.2453 0.2518 0.1261 0.3768
0.496 0.504 0.2436 0.2524 0.1255 0.3785
0.5038 0.4962 0.2469 0.2569 0.125 0.3712
0.4966 0.5034 0.2424 0.2542 0.1219 0.3815
0.502 0.498 0.259 0.243 0.1235 0.3745
0.5003 0.4997 0.2477 0.2526 0.1255 0.3742
0.5008 0.4992 0.2541 0.2467 0.1256 0.3736
0.5011 0.4989 0.2529 0.2482 0.124 0.3749
0.493 0.507 0.2438 0.2492 0.1252 0.3818
0.4982 0.5018 0.2484 0.2498 0.1243 0.3775
0.5014 0.4986 0.2525 0.2489 0.1254 0.3732
0.4967 0.5033 0.2524 0.2443 0.1243 0.379
0.4987 0.5013 0.2472 0.2515 0.1271 0.3742
0.492 0.508 0.2475 0.2445 0.127 0.381
0.5006 0.4994 0.2504 0.2502 0.1268 0.3726
0.5091 0.4909 0.262 0.2471 0.1283 0.3626
0.5048 0.4952 0.2504 0.2544 0.1244 0.3708
0.5086 0.4914 0.2557 0.2529 0.1229 0.3685
0.5084 0.4916 0.2602 0.2482 0.1246 0.367
0.5029 0.4971 0.2523 0.2506 0.1209 0.3762
0.5041 0.4959 0.2548 0.2493 0.1174 0.3785
0.5009 0.4991 0.2545 0.2464 0.1253 0.3738
0.5008 0.4992 0.2488 0.252 0.1282 0.371
0.5015 0.4985 0.2438 0.2577 0.1247 0.3738
0.4995 0.5005 0.2387 0.2608 0.1321 0.3684
0.4968 0.5032 0.2466 0.2502 0.1248 0.3784
0.4984 0.5016 0.247 0.2514 0.1203 0.3813
0.4981 0.5019 0.2495 0.2486 0.1205 0.3814
0.4947 0.5053 0.2423 0.2524 0.1266 0.3787
0.4972 0.5028 0.2495 0.2477 0.1251 0.3777
0.4945 0.5055 0.2471 0.2474 0.1261 0.3794
0.492 0.508 0.2431 0.2489 0.1262 0.3818
0.5008 0.4992 0.2569 0.2439 0.1285 0.3707
0.4964 0.5036 0.2519 0.2445 0.1333 0.3703
0.4938 0.5062 0.2406 0.2532 0.1237 0.3825
0.5024 0.4976 0.2492 0.2532 0.1252 0.3724
0.5001 0.4999 0.2457 0.2544 0.1237 0.3762
0.5028 0.4972 0.251 0.2518 0.1223 0.3749
0.4973 0.5027 0.2429 0.2544 0.1259 0.3768
0.4971 0.5029 0.2459 0.2512 0.1214 0.3815
0.4962 0.5038 0.2485 0.2477 0.1259 0.3779
0.5059 0.4941 0.2583 0.2476 0.1217 0.3724
0.4983 0.5017 0.2478 0.2505 0.1258 0.3759
0.506 0.494 0.2511 0.2549 0.1232 0.3708
0.5045 0.4955 0.2525 0.252 0.127 0.3685
0.4921 0.5079 0.244 0.2481 0.1219 0.386
0.5136 0.4864 0.2557 0.2579 0.1176 0.3688
0.4924 0.5076 0.2422 0.2502 0.1305 0.3771
0.4999 0.5001 0.2498 0.2501 0.1234 0.3767
0.5033 0.4967 0.2599 0.2434 0.1258 0.3709
0.4995 0.5005 0.2511 0.2484 0.119 0.3815
0.504 0.496 0.2513 0.2527 0.1245 0.3715
0.4946 0.5054 0.2484 0.2462 0.1275 0.3779
0.5001 0.4999 0.2478 0.2523 0.1262 0.3737
0.5004 0.4996 0.2546 0.2458 0.1277 0.3719
0.4956 0.5044 0.2448 0.2508 0.1248 0.3796
0.5034 0.4966 0.2515 0.2519 0.1287 0.3679
0.4948 0.5052 0.2496 0.2452 0.1277 0.3775
0.5073 0.4927 0.2566 0.2507 0.1171 0.3756
0.5022 0.4978 0.2513 0.2509 0.1252 0.3726
0.4918 0.5082 0.2506 0.2412 0.1249 0.3833
0.4992 0.5008 0.2484 0.2508 0.1247 0.3761
0.4992 0.5008 0.2502 0.249 0.1246 0.3762
0.4985 0.5015 0.2427 0.2558 0.1264 0.3751
0.4968 0.5032 0.2444 0.2524 0.1226 0.3806
0.5027 0.4973 0.2566 0.2461 0.1213 0.376
0.4986 0.5014 0.2495 0.2491 0.1266 0.3748
0.4908 0.5092 0.2421 0.2487 0.1325 0.3767
0.4944 0.5056 0.2433 0.2511 0.1232 0.3824
0.5052 0.4948 0.2498 0.2554 0.121 0.3738
0.4979 0.5021 0.2528 0.2451 0.1302 0.3719
0.5015 0.4985 0.2495 0.252 0.1238 0.3747
0.4958 0.5042 0.2456 0.2502 0.1281 0.3761
0.5035 0.4965 0.254 0.2495 0.1231 0.3734
0.5016 0.4984 0.2497 0.2519 0.1288 0.3696
0.4994 0.5006 0.251 0.2484 0.1268 0.3738
0.5001 0.4999 0.25 0.2501 0.1236 0.3763
0.4909 0.5091 0.2417 0.2492 0.1345 0.3746
0.4952 0.5048 0.2455 0.2497 0.1279 0.3769
0.505 0.495 0.2408 0.2642 0.1244 0.3706
0.4951 0.5049 0.2484 0.2467 0.1266 0.3783
0.4977 0.5023 0.251 0.2467 0.1227 0.3796
0.4972 0.5028 0.2518 0.2454 0.1211 0.3817
0.5114 0.4886 0.2487 0.2627 0.1203 0.3683
0.4949 0.5051 0.2471 0.2478 0.1241 0.381
0.5015 0.4985 0.254 0.2475 0.1252 0.3733
0.4932 0.5068 0.2414 0.2518 0.1275 0.3793
0.4924 0.5076 0.2509 0.2415 0.1269 0.3807
0.5027 0.4973 0.2484 0.2543 0.1292 0.3681
0.5006 0.4994 0.2502 0.2504 0.1225 0.3769
0.5005 0.4995 0.2441 0.2564 0.1301 0.3694
0.5059 0.4941 0.2525 0.2534 0.1164 0.3777
0.4956 0.5044 0.2441 0.2515 0.1239 0.3805
0.5001 0.4999 0.2493 0.2508 0.1256 0.3743
0.506 0.494 0.2558 0.2502 0.1229 0.3711
0.5046 0.4954 0.2484 0.2562 0.1235 0.3719
0.4986 0.5014 0.2481 0.2505 0.1273 0.3741
0.5035 0.4965 0.2606 0.2429 0.1262 0.3703
0.5091 0.4909 0.2548 0.2543 0.1284 0.3625
0.4999 0.5001 0.2472 0.2527 0.1221 0.378
0.4997 0.5003 0.2498 0.2499 0.1269 0.3734
0.4978 0.5022 0.2484 0.2494 0.1224 0.3798
0.5076 0.4924 0.257 0.2506 0.1285 0.3639
0.4999 0.5001 0.2518 0.2481 0.1322 0.3679
0.494 0.506 0.2485 0.2455 0.1205 0.3855
0.4968 0.5032 0.2479 0.2489 0.1273 0.3759
0.4978 0.5022 0.2487 0.2491 0.1231 0.3791
0.4999 0.5001 0.2477 0.2522 0.1215 0.3786
0.4983 0.5017 0.2465 0.2518 0.1262 0.3755
0.4932 0.5068 0.2439 0.2493 0.1253 0.3815
0.5046 0.4954 0.2533 0.2513 0.1231 0.3723
0.5 0.5 0.2468 0.2532 0.1279 0.3721
0.4974 0.5026 0.2448 0.2526 0.1241 0.3785
0.5047 0.4953 0.2493 0.2554 0.127 0.3683
0.4914 0.5086 0.2418 0.2496 0.1251 0.3835
0.4959 0.5041 0.2454 0.2505 0.1316 0.3725
0.4953 0.5047 0.2533 0.242 0.13 0.3747
0.5003 0.4997 0.254 0.2463 0.1301 0.3696
0.4987 0.5013 0.2471 0.2516 0.1318 0.3695
0.4969 0.5031 0.2506 0.2463 0.1233 0.3798
0.5062 0.4938 0.2494 0.2568 0.1235 0.3703
0.4984 0.5016 0.2518 0.2466 0.1279 0.3737
0.4968 0.5032 0.2479 0.2489 0.1257 0.3775
0.4989 0.5011 0.2512 0.2477 0.1278 0.3733
0.4991 0.5009 0.2556 0.2435 0.1236 0.3773
0.494 0.506 0.2444 0.2496 0.1232 0.3828
0.5068 0.4932 0.2569 0.2499 0.1244 0.3688
0.504 0.496 0.2536 0.2504 0.1245 0.3715
0.5023 0.4977 0.2497 0.2526 0.1199 0.3778
0.5039 0.4961 0.2564 0.2475 0.124 0.3721
0.4992 0.5008 0.2522 0.247 0.1248 0.376
0.5093 0.4907 0.2537 0.2556 0.1228 0.3679
0.5036 0.4964 0.2487 0.2549 0.1241 0.3723
0.4995 0.5005 0.2498 0.2497 0.1291 0.3714
0.5057 0.4943 0.253 0.2527 0.1286 0.3657
0.5091 0.4909 0.2615 0.2476 0.1264 0.3645
0.4998 0.5002 0.2465 0.2533 0.1221 0.3781
0.4948 0.5052 0.2529 0.2419 0.1223 0.3829
0.4978 0.5022 0.247 0.2508 0.1314 0.3708
0.5014 0.4986 0.2536 0.2478 0.123 0.3756
0.5023 0.4977 0.2483 0.254 0.1229 0.3748
0.4997 0.5003 0.2468 0.2529 0.1262 0.3741
0.5051 0.4949 0.2522 0.2529 0.1226 0.3723
0.4925 0.5075 0.2476 0.2449 0.1281 0.3794
0.498 0.502 0.2548 0.2432 0.1238 0.3782
0.5002 0.4998 0.2479 0.2523 0.1219 0.3779
0.4995 0.5005 0.2523 0.2472 0.1244 0.3761
0.4976 0.5024 0.2526 0.245 0.1225 0.3799
0.4962 0.5038 0.2508 0.2454 0.1286 0.3752
0.4962 0.5038 0.251 0.2452 0.1223 0.3815
0.4964 0.5036 0.2476 0.2488 0.1209 0.3827
0.4986 0.5014 0.2501 0.2485 0.1272 0.3742
0.5036 0.4964 0.2479 0.2557 0.1251 0.3713
0.4991 0.5009 0.2519 0.2472 0.1254 0.3755
0.5004 0.4996 0.2493 0.2511 0.1211 0.3785
0.4975 0.5025 0.2457 0.2518 0.123 0.3795
0.5018 0.4982 0.2484 0.2534 0.1224 0.3758
0.5051 0.4949 0.2529 0.2522 0.1265 0.3684
0.5055 0.4945 0.2499 0.2556 0.1266 0.3679
0.511 0.489 0.2538 0.2572 0.1253 0.3637
0.5058 0.4942 0.2538 0.252 0.1238 0.3704
0.5076 0.4924 0.2489 0.2587 0.1217 0.3707
0.5006 0.4994 0.251 0.2496 0.125 0.3744
0.4993 0.5007 0.2552 0.2441 0.1231 0.3776
0.5006 0.4994 0.2554 0.2452 0.1222 0.3772
0.5012 0.4988 0.2498 0.2514 0.1308 0.368
0.5003 0.4997 0.2466 0.2537 0.1247 0.375
0.5063 0.4937 0.254 0.2523 0.1231 0.3706
0.4936 0.5064 0.2505 0.2431 0.1302 0.3762
0.4989 0.5011 0.2388 0.2601 0.1219 0.3792
0.5044 0.4956 0.2539 0.2505 0.1237 0.3719
0.4978 0.5022 0.2527 0.2451 0.1226 0.3796
0.5048 0.4952 0.2577 0.2471 0.1261 0.3691
0.5076 0.4924 0.2551 0.2525 0.1248 0.3676
0.4978 0.5022 0.2465 0.2513 0.128 0.3742
0.4997 0.5003 0.2472 0.2525 0.1243 0.376
0.5044 0.4956 0.2539 0.2505 0.1265 0.3691
0.5003 0.4997 0.2515 0.2488 0.1287 0.371
0.5071 0.4929 0.2545 0.2526 0.1274 0.3655
0.4945 0.5055 0.2456 0.2489 0.1318 0.3737
0.4987 0.5013 0.2482 0.2505 0.1265 0.3748
0.5054 0.4946 0.2568 0.2486 0.1202 0.3744
0.5024 0.4976 0.262 0.2404 0.1266 0.371
0.4994 0.5006 0.2499 0.2495 0.1256 0.375
0.503 0.497 0.2497 0.2533 0.1251 0.3719
0.5095 0.4905 0.2574 0.2521 0.1249 0.3656
0.5069 0.4931 0.2545 0.2524 0.1199 0.3732
0.4982 0.5018 0.2547 0.2435 0.1219 0.3799
0.5013 0.4987 0.2422 0.2591 0.1252 0.3735
0.4983 0.5017 0.2528 0.2455 0.1256 0.3761
0.503 0.497 0.2568 0.2462 0.1248 0.3722
0.5054 0.4946 0.2558 0.2496 0.1252 0.3694
0.4963 0.5037 0.2486 0.2477 0.123 0.3807
0.4909 0.5091 0.2414 0.2495 0.126 0.3831
0.5045 0.4955 0.2605 0.244 0.1251 0.3704
0.5105 0.4895 0.2556 0.2549 0.1197 0.3698
0.5018 0.4982 0.2452 0.2566 0.1214 0.3768
0.4988 0.5012 0.2478 0.251 0.1246 0.3766
0.4984 0.5016 0.2508 0.2476 0.127 0.3746
0.5084 0.4916 0.2561 0.2523 0.125 0.3666
0.4972 0.5028 0.2478 0.2494 0.1229 0.3799
0.5121 0.4879 0.2522 0.2599 0.1222 0.3657
0.5009 0.4991 0.25 0.2509 0.1278 0.3713
0.4919 0.5081 0.2446 0.2473 0.1277 0.3804
0.51 0.49 0.2488 0.2612 0.1206 0.3694
0.5015 0.4985 0.2517 0.2498 0.1218 0.3767
0.5054 0.4946 0.2507 0.2547 0.121 0.3736
0.498 0.502 0.2452 0.2528 0.1274 0.3746
0.4971 0.5029 0.248 0.2491 0.1206 0.3823
0.4977 0.5023 0.2527 0.245 0.1301 0.3722
0.5006 0.4994 0.2522 0.2484 0.1261 0.3733
0.5014 0.4986 0.2512 0.2502 0.1261 0.3725
0.5021 0.4979 0.2517 0.2504 0.1286 0.3693
0.4998 0.5002 0.249 0.2508 0.1261 0.3741
0.4927 0.5073 0.2472 0.2455 0.127 0.3803
0.5011 0.4989 0.2535 0.2476 0.1249 0.374
0.497 0.503 0.2545 0.2425 0.1249 0.3781
0.5019 0.4981 0.2559 0.246 0.1285 0.3696
0.4999 0.5001 0.2502 0.2497 0.1262 0.3739
0.5007 0.4993 0.2448 0.2559 0.1278 0.3715
0.4916 0.5084 0.2398 0.2518 0.125 0.3834
0.5028 0.4972 0.2474 0.2554 0.1259 0.3713
0.5003 0.4997 0.2487 0.2516 0.1246 0.3751
0.501 0.499 0.2521 0.2489 0.1223 0.3767
0.5016 0.4984 0.2471 0.2545 0.1258 0.3726
0.4959 0.5041 0.2484 0.2475 0.1239 0.3802
0.5034 0.4966 0.2436 0.2598 0.1216 0.375
0.5058 0.4942 0.2497 0.2561 0.1221 0.3721
0.4938 0.5062 0.2468 0.247 0.1294 0.3768
0.5011 0.4989 0.2448 0.2563 0.1214 0.3775
0.502 0.498 0.2509 0.2511 0.1225 0.3755
0.4942 0.5058 0.2484 0.2458 0.1329 0.3729
0.4924 0.5076 0.2521 0.2403 0.1227 0.3849
0.4981 0.5019 0.2484 0.2497 0.1271 0.3748
0.5028 0.4972 0.2503 0.2525 0.1226 0.3746
0.497 0.503 0.2443 0.2527 0.1257 0.3773
0.5019 0.4981 0.2545 0.2474 0.1188 0.3793
0.5021 0.4979 0.2575 0.2446 0.1223 0.3756
0.5 0.5 0.2494 0.2506 0.1246 0.3754
0.5055 0.4945 0.2504 0.2551 0.1254 0.3691
0.5072 0.4928 0.2545 0.2527 0.1284 0.3644
0.5017 0.4983 0.2559 0.2458 0.1184 0.3799
0.5053 0.4947 0.2559 0.2494 0.1227 0.372
0.4948 0.5052 0.2536 0.2412 0.128 0.3772
0.5052 0.4948 0.2495 0.2557 0.1245 0.3703
0.4977 0.5023 0.2536 0.2441 0.1213 0.381
0.4992 0.5008 0.2503 0.2489 0.1233 0.3775
0.507 0.493 0.2525 0.2545 0.1186 0.3744
0.5023 0.4977 0.254 0.2483 0.1231 0.3746
0.5032 0.4968 0.255 0.2482 0.1273 0.3695
0.4992 0.5008 0.2586 0.2406 0.1239 0.3769
0.5003 0.4997 0.2572 0.2431 0.1264 0.3733
0.4976 0.5024 0.25 0.2476 0.1295 0.3729
0.4879 0.5121 0.2459 0.242 0.1302 0.3819
0.4966 0.5034 0.2493 0.2473 0.1251 0.3783
0.5004 0.4996 0.2493 0.2511 0.1239 0.3757
0.5042 0.4958 0.2512 0.253 0.1212 0.3746
0.4993 0.5007 0.2528 0.2465 0.1258 0.3749
0.5025 0.4975 0.2532 0.2493 0.1204 0.3771
0.4989 0.5011 0.2516 0.2473 0.1225 0.3786
0.5006 0.4994 0.2476 0.253 0.124 0.3754
0.4949 0.5051 0.2469 0.248 0.1291 0.376
0.4989 0.5011 0.2551 0.2438 0.1299 0.3712
0.4963 0.5037 0.2445 0.2518 0.1282 0.3755
0.4974 0.5026 0.2542 0.2432 0.1278 0.3748
0.4974 0.5026 0.2499 0.2475 0.1243 0.3783
0.4999 0.5001 0.245 0.2549 0.1267 0.3734
0.4979 0.5021 0.2512 0.2467 0.127 0.3751
0.4956 0.5044 0.2426 0.253 0.1296 0.3748
0.4924 0.5076 0.2418 0.2506 0.1284 0.3792
0.4987 0.5013 0.2503 0.2484 0.1238 0.3775
0.5082 0.4918 0.254 0.2542 0.1235 0.3683
0.4996 0.5004 0.2544 0.2452 0.1253 0.3751
0.4972 0.5028 0.2489 0.2483 0.1262 0.3766
0.5007 0.4993 0.2553 0.2454 0.1308 0.3685
0.4946 0.5054 0.2406 0.254 0.126 0.3794
0.5033 0.4967 0.2578 0.2455 0.128 0.3687
0.4943 0.5057 0.2464 0.2479 0.126 0.3797
0.5025 0.4975 0.2493 0.2532 0.1254 0.3721
0.5056 0.4944 0.2564 0.2492 0.1259 0.3685
0.5074 0.4926 0.251 0.2564 0.1213 0.3713
0.5092 0.4908 0.2557 0.2535 0.1273 0.3635
0.4994 0.5006 0.2536 0.2458 0.1203 0.3803
0.5058 0.4942 0.2526 0.2532 0.122 0.3722
0.4965 0.5035 0.2522 0.2443 0.1291 0.3744
0.5017 0.4983 0.2562 0.2455 0.1262 0.3721
0.4957 0.5043 0.2509 0.2448 0.1255 0.3788
0.4936 0.5064 0.2435 0.2501 0.1301 0.3763
0.5168 0.4832 0.2562 0.2606 0.1223 0.3609
0.4996 0.5004 0.2544 0.2452 0.1263 0.3741
0.5012 0.4988 0.2448 0.2564 0.1276 0.3712
0.5062 0.4938 0.2469 0.2593 0.1281 0.3657
0.5012 0.4988 0.2502 0.251 0.1211 0.3777
0.4968 0.5032 0.2519 0.2449 0.1252 0.378
0.5049 0.4951 0.2514 0.2535 0.1248 0.3703
0.5014 0.4986 0.2543 0.2471 0.1219 0.3767
0.4981 0.5019 0.2491 0.249 0.1265 0.3754
0.4991 0.5009 0.2521 0.247 0.1294 0.3715
0.4964 0.5036 0.2521 0.2443 0.1264 0.3772
0.4966 0.5034 0.2515 0.2451 0.124 0.3794
0.5029 0.4971 0.2558 0.2471 0.1232 0.3739
0.5026 0.4974 0.2551 0.2475 0.1227 0.3747
0.5068 0.4932 0.2612 0.2456 0.1263 0.3669
0.4952 0.5048 0.2488 0.2464 0.1291 0.3757
0.4979 0.5021 0.2504 0.2475 0.1193 0.3828
0.493 0.507 0.2438 0.2492 0.1258 0.3812
0.5013 0.4987 0.2472 0.2541 0.1214 0.3773
0.4998 0.5002 0.2518 0.248 0.1306 0.3696
0.4953 0.5047 0.2461 0.2492 0.1274 0.3773
0.5082 0.4918 0.2562 0.252 0.1248 0.367
0.5017 0.4983 0.2545 0.2472 0.122 0.3763
0.5028 0.4972 0.2456 0.2572 0.1212 0.376
0.5032 0.4968 0.2538 0.2494 0.1306 0.3662
0.4993 0.5007 0.2527 0.2466 0.1292 0.3715
0.504 0.496 0.2553 0.2487 0.1236 0.3724
0.5026 0.4974 0.2475 0.2551 0.125 0.3724
0.4995 0.5005 0.2499 0.2496 0.1213 0.3792
0.5089 0.4911 0.2509 0.258 0.1231 0.368
0.4967 0.5033 0.246 0.2507 0.1259 0.3774
0.5047 0.4953 0.2577 0.247 0.1301 0.3652
0.4898 0.5102 0.2457 0.2441 0.1268 0.3834
0.5059 0.4941 0.2459 0.26 0.1256 0.3685
0.4997 0.5003 0.2494 0.2503 0.1282 0.3721
0.4928 0.5072 0.2452 0.2476 0.1249 0.3823
0.4954 0.5046 0.2453 0.2501 0.1244 0.3802
0.5074 0.4926 0.2474 0.26 0.1239 0.3687
0.4987 0.5013 0.2428 0.2559 0.1319 0.3694
0.4959 0.5041 0.2434 0.2525 0.1279 0.3762
0.4886 0.5114 0.2455 0.2431 0.1231 0.3883
0.5077 0.4923 0.2556 0.2521 0.1195 0.3728
0.4909 0.5091 0.2494 0.2415 0.1306 0.3785
0.5008 0.4992 0.2498 0.251 0.1224 0.3768
0.4963 0.5037 0.2484 0.2479 0.1265 0.3772
0.4997 0.5003 0.2462 0.2535 0.1205 0.3798
0.5005 0.4995 0.2441 0.2564 0.123 0.3765
0.494 0.506 0.2485 0.2455 0.1195 0.3865
0.4981 0.5019 0.2457 0.2524 0.1252 0.3767
0.5002 0.4998 0.2487 0.2515 0.1295 0.3703
0.5041 0.4959 0.2502 0.2539 0.1247 0.3712
0.4981 0.5019 0.2428 0.2553 0.1272 0.3747
0.5195 0.4805 0.2567 0.2628 0.1202 0.3603
0.4967 0.5033 0.2476 0.2491 0.1267 0.3766
0.4973 0.5027 0.2475 0.2498 0.122 0.3807
0.4919 0.5081 0.2487 0.2432 0.1277 0.3804
0.4982 0.5018 0.2429 0.2553 0.1252 0.3766
0.496 0.504 0.2505 0.2455 0.1249 0.3791
0.4961 0.5039 0.2482 0.2479 0.1269 0.377
0.4971 0.5029 0.252 0.2451 0.1282 0.3747
0.5004 0.4996 0.2525 0.2479 0.1254 0.3742
0.4994 0.5006 0.2495 0.2499 0.124 0.3766
0.5016 0.4984 0.2486 0.253 0.1208 0.3776
0.5136 0.4864 0.2624 0.2512 0.1261 0.3603
0.5032 0.4968 0.2416 0.2616 0.1237 0.3731
0.4946 0.5054 0.2459 0.2487 0.1249 0.3805
0.5028 0.4972 0.2466 0.2562 0.1215 0.3757
0.4985 0.5015 0.2476 0.2509 0.1189 0.3826
0.5005 0.4995 0.2485 0.252 0.1163 0.3832
0.4916 0.5084 0.2535 0.2381 0.128 0.3804
0.5048 0.4952 0.252 0.2528 0.1282 0.367
0.5095 0.4905 0.2579 0.2516 0.1242 0.3663
0.5052 0.4948 0.2511 0.2541 0.1224 0.3724
0.5078 0.4922 0.2555 0.2523 0.1233 0.3689
0.4978 0.5022 0.2495 0.2483 0.1266 0.3756
0.4999 0.5001 0.2527 0.2472 0.1272 0.3729
0.5011 0.4989 0.2508 0.2503 0.1251 0.3738
0.4969 0.5031 0.2472 0.2497 0.1233 0.3798
0.4933 0.5067 0.2431 0.2502 0.1291 0.3776
0.503 0.497 0.2522 0.2508 0.1268 0.3702
0.5009 0.4991 0.2475 0.2534 0.117 0.3821
0.5018 0.4982 0.2558 0.246 0.1263 0.3719
0.4959 0.5041 0.2418 0.2541 0.1227 0.3814
0.5002 0.4998 0.2524 0.2478 0.1214 0.3784
0.5071 0.4929 0.253 0.2541 0.1248 0.3681
0.4934 0.5066 0.2505 0.2429 0.1259 0.3807
0.5014 0.4986 0.2535 0.2479 0.1209 0.3777
0.4976 0.5024 0.2473 0.2503 0.1274 0.375
0.4949 0.5051 0.245 0.2499 0.1288 0.3763
0.4984 0.5016 0.2493 0.2491 0.1256 0.376
0.4978 0.5022 0.2424 0.2554 0.1311 0.3711
0.4955 0.5045 0.2389 0.2566 0.1271 0.3774
0.5039 0.4961 0.2557 0.2482 0.1296 0.3665
0.4971 0.5029 0.2437 0.2534 0.1279 0.375
0.4989 0.5011 0.2536 0.2453 0.1267 0.3744
0.5094 0.4906 0.2514 0.258 0.123 0.3676
0.5031 0.4969 0.2523 0.2508 0.1272 0.3697
0.4931 0.5069 0.2442 0.2489 0.1313 0.3756
0.4936 0.5064 0.2503 0.2433 0.1307 0.3757
0.4961 0.5039 0.2563 0.2398 0.1269 0.377
0.4976 0.5024 0.2448 0.2528 0.1194 0.383
0.5073 0.4927 0.2582 0.2491 0.1214 0.3713
0.5008 0.4992 0.2476 0.2532 0.1211 0.3781
0.497 0.503 0.2452 0.2518 0.1244 0.3786
0.4967 0.5033 0.2529 0.2438 0.1224 0.3809
0.5019 0.4981 0.2497 0.2522 0.1241 0.374
0.4951 0.5049 0.2504 0.2447 0.1306 0.3743
0.4996 0.5004 0.2506 0.249 0.1264 0.374
0.4929 0.5071 0.2445 0.2484 0.1272 0.3799
0.4987 0.5013 0.2436 0.2551 0.1272 0.3741
0.4993 0.5007 0.2498 0.2495 0.122 0.3787
0.4985 0.5015 0.2473 0.2512 0.1257 0.3758
0.4974 0.5026 0.2535 0.2439 0.1237 0.3789
0.5016 0.4984 0.2546 0.247 0.1252 0.3732
0.5014 0.4986 0.25 0.2514 0.1299 0.3687
0.4871 0.5129 0.2388 0.2483 0.13 0.3829
0.4972 0.5028 0.2599 0.2373 0.1332 0.3696
0.5076 0.4924 0.2549 0.2527 0.1245 0.3679
0.505 0.495 0.2527 0.2523 0.1198 0.3752
0.4916 0.5084 0.2458 0.2458 0.1283 0.3801
0.5014 0.4986 0.2478 0.2536 0.1248 0.3738
0.4967 0.5033 0.2508 0.2459 0.1265 0.3768
0.4947 0.5053 0.2534 0.2413 0.1246 0.3807
0.4976 0.5024 0.2527 0.2449 0.1204 0.382
0.5006 0.4994 0.245 0.2556 0.1236 0.3758
0.5004 0.4996 0.2535 0.2469 0.1249 0.3747
0.5063 0.4937 0.2505 0.2558 0.1271 0.3666
0.4896 0.5104 0.238 0.2516 0.1286 0.3818
0.5006 0.4994 0.2496 0.251 0.1286 0.3708
0.5044 0.4956 0.2525 0.2519 0.1208 0.3748
0.4989 0.5011 0.2462 0.2527 0.1308 0.3703
0.4969 0.5031 0.2548 0.2421 0.1255 0.3776
0.4956 0.5044 0.2434 0.2522 0.1313 0.3731
0.4957 0.5043 0.2462 0.2495 0.1305 0.3738
0.5019 0.4981 0.2595 0.2424 0.124 0.3741
0.5076 0.4924 0.246 0.2616 0.1207 0.3717
0.4998 0.5002 0.255 0.2448 0.1257 0.3745
0.5004 0.4996 0.2536 0.2468 0.1288 0.3708
0.503 0.497 0.2435 0.2595 0.1258 0.3712
0.4939 0.5061 0.2449 0.249 0.1258 0.3803
0.5066 0.4934 0.2489 0.2577 0.126 0.3674
0.5024 0.4976 0.2539 0.2485 0.1262 0.3714
0.4976 0.5024 0.2504 0.2472 0.1264 0.376
0.4932 0.5068 0.2498 0.2434 0.122 0.3848
0.4971 0.5029 0.248 0.2491 0.1225 0.3804
0.4966 0.5034 0.2502 0.2464 0.1226 0.3808
0.5014 0.4986 0.2562 0.2452 0.1283 0.3703
0.5009 0.4991 0.2484 0.2525 0.1268 0.3723
0.5014 0.4986 0.2499 0.2515 0.1243 0.3743
0.4949 0.5051 0.2506 0.2443 0.1298 0.3753
0.5006 0.4994 0.2558 0.2448 0.1287 0.3707
0.5013 0.4987 0.2463 0.255 0.124 0.3747
0.4989 0.5011 0.2521 0.2468 0.1268 0.3743
0.5041 0.4959 0.2511 0.253 0.1261 0.3698
0.4983 0.5017 0.2557 0.2426 0.1243 0.3774
0.4907 0.5093 0.243 0.2477 0.1299 0.3794
0.4982 0.5018 0.2467 0.2515 0.1274 0.3744
0.4978 0.5022 0.2468 0.251 0.1275 0.3747
0.5019 0.4981 0.248 0.2539 0.1266 0.3715
0.5051 0.4949 0.2535 0.2516 0.1197 0.3752
0.5014 0.4986 0.2444 0.257 0.1209 0.3777
0.4896 0.5104 0.242 0.2476 0.1277 0.3827
0.5052 0.4948 0.2554 0.2498 0.1272 0.3676
0.499 0.501 0.2476 0.2514 0.1276 0.3734
0.4984 0.5016 0.2485 0.2499 0.1254 0.3762
0.4966 0.5034 0.244 0.2526 0.1223 0.3811
0.5015 0.4985 0.2475 0.254 0.1259 0.3726
0.5018 0.4982 0.2536 0.2482 0.1257 0.3725
0.5058 0.4942 0.2504 0.2554 0.1196 0.3746
0.4967 0.5033 0.2497 0.247 0.1304 0.3729
0.4984 0.5016 0.2484 0.25 0.1226 0.379
0.498 0.502 0.2491 0.2489 0.1218 0.3802
0.5068 0.4932 0.2546 0.2522 0.1254 0.3678
0.5065 0.4935 0.253 0.2535 0.1307 0.3628
0.5083 0.4917 0.2535 0.2548 0.1237 0.368
0.4991 0.5009 0.2476 0.2515 0.1239 0.377
0.5062 0.4938 0.2503 0.2559 0.1255 0.3683
0.4964 0.5036 0.2532 0.2432 0.1279 0.3757
0.5002 0.4998 0.254 0.2462 0.1309 0.3689
0.4993 0.5007 0.2512 0.2481 0.1278 0.3729
0.5034 0.4966 0.2544 0.249 0.1258 0.3708
0.5062 0.4938 0.2555 0.2507 0.1227 0.3711
0.5034 0.4966 0.2485 0.2549 0.118 0.3786
0.4988 0.5012 0.2499 0.2489 0.1241 0.3771
0.5043 0.4957 0.2548 0.2495 0.1296 0.3661
0.5092 0.4908 0.2529 0.2563 0.1223 0.3685
0.5033 0.4967 0.2542 0.2491 0.1225 0.3742
0.4993 0.5007 0.2504 0.2489 0.1281 0.3726
0.5001 0.4999 0.2485 0.2516 0.1209 0.379
0.4905 0.5095 0.2417 0.2488 0.1225 0.387
0.5055 0.4945 0.2514 0.2541 0.1205 0.374
0.4905 0.5095 0.2464 0.2441 0.1259 0.3836
0.5026 0.4974 0.2425 0.2601 0.1248 0.3726
0.4895 0.5105 0.2465 0.243 0.1323 0.3782
0.4953 0.5047 0.2438 0.2515 0.122 0.3827
0.5044 0.4956 0.2451 0.2593 0.1251 0.3705
0.4974 0.5026 0.254 0.2434 0.1249 0.3777
0.4995 0.5005 0.2498 0.2497 0.126 0.3745
0.4977 0.5023 0.2562 0.2415 0.1277 0.3746
0.5044 0.4956 0.2546 0.2498 0.1263 0.3693
0.4982 0.5018 0.2527 0.2455 0.1303 0.3715
0.5014 0.4986 0.2516 0.2498 0.1212 0.3774
0.5047 0.4953 0.2497 0.255 0.1282 0.3671
0.5009 0.4991 0.2549 0.246 0.1216 0.3775
0.5052 0.4948 0.253 0.2522 0.1251 0.3697
0.5026 0.4974 0.2533 0.2493 0.1259 0.3715
0.5014 0.4986 0.2487 0.2527 0.1264 0.3722
0.4991 0.5009 0.2512 0.2479 0.1258 0.3751
0.4943 0.5057 0.2526 0.2417 0.1263 0.3794
0.495 0.505 0.2458 0.2492 0.1307 0.3743
0.4972 0.5028 0.2425 0.2547 0.1248 0.378
0.4942 0.5058 0.2401 0.2541 0.1282 0.3776
0.4972 0.5028 0.2526 0.2446 0.1254 0.3774
0.493 0.507 0.2374 0.2556 0.1226 0.3844
0.5061 0.4939 0.2544 0.2517 0.1197 0.3742
0.4964 0.5036 0.2526 0.2438 0.1303 0.3733
0.5003 0.4997 0.2583 0.242 0.1269 0.3728
0.5053 0.4947 0.2494 0.2559 0.1237 0.371
0.5009 0.4991 0.2453 0.2556 0.1231 0.376
0.4947 0.5053 0.2469 0.2478 0.1262 0.3791
0.4976 0.5024 0.2494 0.2482 0.1266 0.3758
0.4909 0.5091 0.2454 0.2455 0.1306 0.3785
0.4971 0.5029 0.2507 0.2464 0.1286 0.3743
0.4969 0.5031 0.2482 0.2487 0.121 0.3821
0.4999 0.5001 0.2457 0.2542 0.1273 0.3728
0.5036 0.4964 0.2564 0.2472 0.1225 0.3739
0.504 0.496 0.2464 0.2576 0.128 0.368
0.4994 0.5006 0.2436 0.2558 0.1309 0.3697
0.4944 0.5056 0.2447 0.2497 0.1268 0.3788
0.5077 0.4923 0.257 0.2507 0.1238 0.3685
0.4874 0.5126 0.2391 0.2483 0.1363 0.3763
0.5058 0.4942 0.2457 0.2601 0.125 0.3692
0.5039 0.4961 0.2433 0.2606 0.119 0.3771
0.499 0.501 0.2514 0.2476 0.1223 0.3787
0.4997 0.5003 0.2511 0.2486 0.1268 0.3735
0.5077 0.4923 0.2526 0.2551 0.1246 0.3677
0.4958 0.5042 0.2502 0.2456 0.124 0.3802
0.5012 0.4988 0.2512 0.25 0.1265 0.3723
0.4997 0.5003 0.2447 0.255 0.1239 0.3764
0.5005 0.4995 0.2495 0.251 0.1254 0.3741
0.4955 0.5045 0.2476 0.2479 0.1281 0.3764
0.5006 0.4994 0.2478 0.2528 0.1217 0.3777
0.4973 0.5027 0.2518 0.2455 0.1275 0.3752
0.4956 0.5044 0.2508 0.2448 0.1242 0.3802
0.508 0.492 0.2561 0.2519 0.1281 0.3639
0.5038 0.4962 0.2498 0.254 0.1271 0.3691
0.5038 0.4962 0.2514 0.2524 0.1225 0.3737
0.4983 0.5017 0.2497 0.2486 0.1264 0.3753
0.499 0.501 0.2511 0.2479 0.1238 0.3772
0.5017 0.4983 0.253 0.2487 0.1226 0.3757
0.502 0.498 0.2478 0.2542 0.1224 0.3756
0.4955 0.5045 0.2533 0.2422 0.1275 0.377
0.4942 0.5058 0.2439 0.2503 0.1285 0.3773
0.4976 0.5024 0.2494 0.2482 0.1278 0.3746
0.5055 0.4945 0.2498 0.2557 0.1227 0.3718
0.5008 0.4992 0.2514 0.2494 0.1245 0.3747
0.4992 0.5008 0.2538 0.2454 0.1249 0.3759
0.5015 0.4985 0.2548 0.2467 0.1279 0.3706
0.4981 0.5019 0.2483 0.2498 0.1232 0.3787
0.4988 0.5012 0.2494 0.2494 0.122 0.3792
0.4945 0.5055 0.2507 0.2438 0.1322 0.3733
0.501 0.499 0.2513 0.2497 0.125 0.374
0.501 0.499 0.2527 0.2483 0.1271 0.3719
0.5035 0.4965 0.2495 0.254 0.1251 0.3714
0.5065 0.4935 0.2595 0.247 0.1243 0.3692
0.5023 0.4977 0.2577 0.2446 0.1217 0.376
0.4907 0.5093 0.2468 0.2439 0.1318 0.3775
0.5074 0.4926 0.2564 0.251 0.1243 0.3683
0.502 0.498 0.2456 0.2564 0.1233 0.3747
0.4932 0.5068 0.2472 0.246 0.1255 0.3813
0.5039 0.4961 0.25 0.2539 0.1255 0.3706
0.4984 0.5016 0.2507 0.2477 0.1253 0.3763
0.5009 0.4991 0.2473 0.2536 0.1272 0.3719
0.4991 0.5009 0.2519 0.2472 0.1225 0.3784
0.4992 0.5008 0.2492 0.25 0.1264 0.3744
0.5044 0.4956 0.2552 0.2492 0.1305 0.3651
0.5087 0.4913 0.2525 0.2562 0.1296 0.3617
0.494 0.506 0.2478 0.2462 0.1258 0.3802
0.5073 0.4927 0.2508 0.2565 0.1264 0.3663
0.5106 0.4894 0.2653 0.2453 0.1253 0.3641
0.5017 0.4983 0.2547 0.247 0.126 0.3723
0.4909 0.5091 0.2413 0.2496 0.1306 0.3785
0.498 0.502 0.2545 0.2435 0.1288 0.3732
0.508 0.492 0.2566 0.2514 0.1221 0.3699
0.4965 0.5035 0.2482 0.2483 0.1243 0.3792
0.5054 0.4946 0.2494 0.256 0.126 0.3686
0.4917 0.5083 0.2455 0.2462 0.1277 0.3806
0.5029 0.4971 0.2559 0.247 0.1307 0.3664
0.5004 0.4996 0.2555 0.2449 0.1221 0.3775
0.5003 0.4997 0.2585 0.2418 0.1279 0.3718
0.5018 0.4982 0.2551 0.2467 0.1301 0.3681
0.4989 0.5011 0.2562 0.2427 0.1238 0.3773
0.4997 0.5003 0.2493 0.2504 0.1212 0.3791
0.5096 0.4904 0.2582 0.2514 0.1277 0.3627
0.4945 0.5055 0.25 0.2445 0.1297 0.3758
0.4975 0.5025 0.2474 0.2501 0.1225 0.38
0.4965 0.5035 0.2498 0.2467 0.12 0.3835
0.5029 0.4971 0.2445 0.2584 0.1209 0.3762
0.5059 0.4941 0.2491 0.2568 0.1292 0.3649
0.5083 0.4917 0.2508 0.2575 0.1167 0.375
0.5032 0.4968 0.2484 0.2548 0.1287 0.3681
0.4972 0.5028 0.2484 0.2488 0.1323 0.3705
0.4966 0.5034 0.2486 0.248 0.1254 0.378
0.4993 0.5007 0.2458 0.2535 0.1216 0.3791
0.5088 0.4912 0.2572 0.2516 0.1209 0.3703
0.4984 0.5016 0.249 0.2494 0.1259 0.3757
0.4933 0.5067 0.2503 0.243 0.1316 0.3751
0.4949 0.5051 0.2439 0.251 0.1191 0.386
0.5051 0.4949 0.2523 0.2528 0.1222 0.3727
0.5055 0.4945 0.255 0.2505 0.1244 0.3701
0.5093 0.4907 0.2557 0.2536 0.1252 0.3655
0.5089 0.4911 0.2565 0.2524 0.1231 0.368
0.5039 0.4961 0.2596 0.2443 0.127 0.3691
0.5053 0.4947 0.2486 0.2567 0.1235 0.3712
0.4999 0.5001 0.2465 0.2534 0.1209 0.3792
0.5003 0.4997 0.2551 0.2452 0.1273 0.3724
0.4978 0.5022 0.2477 0.2501 0.1301 0.3721
0.4915 0.5085 0.2475 0.244 0.1248 0.3837
0.4993 0.5007 0.2494 0.2499 0.1252 0.3755
0.4985 0.5015 0.2474 0.2511 0.1268 0.3747
0.4994 0.5006 0.2521 0.2473 0.1264 0.3742
0.4941 0.5059 0.2487 0.2454 0.1314 0.3745
0.4965 0.5035 0.2522 0.2443 0.1268 0.3767
0.5024 0.4976 0.2531 0.2493 0.1275 0.3701
0.4969 0.5031 0.2468 0.2501 0.1294 0.3737
0.5026 0.4974 0.2516 0.251 0.1225 0.3749
0.4959 0.5041 0.2479 0.248 0.1266 0.3775
0.4998 0.5002 0.2525 0.2473 0.1245 0.3757
0.5074 0.4926 0.2539 0.2535 0.1159 0.3767
0.5 0.5 0.2514 0.2486 0.1207 0.3793
0.4992 0.5008 0.2538 0.2454 0.1267 0.3741
0.4934 0.5066 0.2472 0.2462 0.1242 0.3824
0.501 0.499 0.2511 0.2499 0.1282 0.3708
0.4974 0.5026 0.2525 0.2449 0.1267 0.3759
0.4969 0.5031 0.2479 0.249 0.1272 0.3759
0.4982 0.5018 0.2525 0.2457 0.1241 0.3777
0.5044 0.4956 0.2516 0.2528 0.1205 0.3751
0.4949 0.5051 0.2494 0.2455 0.1263 0.3788
0.5092 0.4908 0.2551 0.2541 0.1223 0.3685
0.5066 0.4934 0.2557 0.2509 0.1213 0.3721
0.5002 0.4998 0.2529 0.2473 0.1248 0.375
0.5078 0.4922 0.255 0.2528 0.1238 0.3684
0.4979 0.5021 0.2457 0.2522 0.1249 0.3772
0.508 0.492 0.2573 0.2507 0.1265 0.3655
0.5102 0.4898 0.2621 0.2481 0.1217 0.3681
0.4988 0.5012 0.2514 0.2474 0.1253 0.3759
0.5055 0.4945 0.2529 0.2526 0.1183 0.3762
0.4974 0.5026 0.2491 0.2483 0.1237 0.3789
0.5009 0.4991 0.2502 0.2507 0.1291 0.37
0.497 0.503 0.248 0.249 0.1245 0.3785
0.4947 0.5053 0.248 0.2467 0.1297 0.3756
0.501 0.499 0.2528 0.2482 0.1252 0.3738
0.5024 0.4976 0.249 0.2534 0.125 0.3726
0.5043 0.4957 0.2481 0.2562 0.1255 0.3702
0.5096 0.4904 0.2582 0.2514 0.1217 0.3687
0.4985 0.5015 0.2516 0.2469 0.1217 0.3798
0.5079 0.4921 0.2564 0.2515 0.1212 0.3709
0.4985 0.5015 0.2488 0.2497 0.1254 0.3761
0.51 0.49 0.2535 0.2565 0.1241 0.3659
0.4932 0.5068 0.2497 0.2435 0.1223 0.3845
0.502 0.498 0.2508 0.2512 0.1194 0.3786
0.4987 0.5013 0.2503 0.2484 0.1275 0.3738
0.5052 0.4948 0.2536 0.2516 0.1195 0.3753
0.4945 0.5055 0.2462 0.2483 0.1305 0.375
0.494 0.506 0.2431 0.2509 0.1269 0.3791
0.4975 0.5025 0.2462 0.2513 0.123 0.3795
0.4908 0.5092 0.2502 0.2406 0.1242 0.385
0.4927 0.5073 0.2538 0.2389 0.127 0.3803
0.5057 0.4943 0.2535 0.2522 0.123 0.3713
0.4977 0.5023 0.2497 0.248 0.1216 0.3807
0.5085 0.4915 0.2491 0.2594 0.1287 0.3628
0.4985 0.5015 0.2462 0.2523 0.1244 0.3771
0.4999 0.5001 0.2471 0.2528 0.1232 0.3769
0.5005 0.4995 0.2477 0.2528 0.1241 0.3754
0.4979 0.5021 0.2468 0.2511 0.1258 0.3763
0.5033 0.4967 0.2546 0.2487 0.1218 0.3749
0.4994 0.5006 0.2524 0.247 0.1262 0.3744
0.4933 0.5067 0.246 0.2473 0.1262 0.3805
0.4936 0.5064 0.2492 0.2444 0.1276 0.3788
0.5014 0.4986 0.2471 0.2543 0.1263 0.3723
0.5076 0.4924 0.2571 0.2505 0.115 0.3774
0.4967 0.5033 0.2518 0.2449 0.1249 0.3784
0.5081 0.4919 0.2528 0.2553 0.1248 0.3671
0.5015 0.4985 0.2509 0.2506 0.1284 0.3701
0.5099 0.4901 0.2565 0.2534 0.1281 0.362
0.5084 0.4916 0.257 0.2514 0.1229 0.3687
0.4969 0.5031 0.2473 0.2496 0.1216 0.3815
0.5081 0.4919 0.2568 0.2513 0.1251 0.3668
0.4974 0.5026 0.2401 0.2573 0.126 0.3766
0.5009 0.4991 0.2457 0.2552 0.1277 0.3714
0.4987 0.5013 0.2476 0.2511 0.126 0.3753
0.5053 0.4947 0.2518 0.2535 0.126 0.3687
0.5027 0.4973 0.2539 0.2488 0.1199 0.3774
0.5001 0.4999 0.2466 0.2535 0.1259 0.374
0.5005 0.4995 0.2495 0.251 0.1245 0.375
0.5046 0.4954 0.257 0.2476 0.1277 0.3677
0.5082 0.4918 0.2569 0.2513 0.1255 0.3663
0.5045 0.4955 0.2592 0.2453 0.1234 0.3721
0.5063 0.4937 0.2442 0.2621 0.1204 0.3733
0.5063 0.4937 0.2564 0.2499 0.1203 0.3734
0.5012 0.4988 0.2501 0.2511 0.1281 0.3707
0.493 0.507 0.2454 0.2476 0.121 0.386
0.4901 0.5099 0.2426 0.2475 0.1252 0.3847
0.5018 0.4982 0.2504 0.2514 0.1293 0.3689
0.4991 0.5009 0.2471 0.252 0.1242 0.3767
0.5021 0.4979 0.2525 0.2496 0.1239 0.374
0.4998 0.5002 0.2513 0.2485 0.1213 0.3789
0.5078 0.4922 0.2615 0.2463 0.1159 0.3763
0.4904 0.5096 0.2424 0.248 0.1195 0.3901
0.4899 0.5101 0.2453 0.2446 0.1247 0.3854
0.5023 0.4977 0.242 0.2603 0.1272 0.3705
0.5093 0.4907 0.2503 0.259 0.1248 0.3659
0.506 0.494 0.2438 0.2622 0.1304 0.3636
0.4972 0.5028 0.2436 0.2536 0.1256 0.3772
0.4976 0.5024 0.2487 0.2489 0.1198 0.3826
0.497 0.503 0.2433 0.2537 0.124 0.379
0.5056 0.4944 0.2538 0.2518 0.1193 0.3751
0.5028 0.4972 0.2444 0.2584 0.1195 0.3777
0.5039 0.4961 0.2566 0.2473 0.1312 0.3649
0.4901 0.5099 0.2504 0.2397 0.1318 0.3781
0.4916 0.5084 0.244 0.2476 0.1226 0.3858
0.5048 0.4952 0.2513 0.2535 0.1199 0.3753
0.5008 0.4992 0.2425 0.2583 0.1199 0.3793
0.4956 0.5044 0.2515 0.2441 0.1247 0.3797
0.4945 0.5055 0.2508 0.2437 0.1232 0.3823
0.5029 0.4971 0.2495 0.2534 0.1207 0.3764
0.4994 0.5006 0.2477 0.2517 0.1245 0.3761
0.4993 0.5007 0.247 0.2523 0.1257 0.375
0.497 0.503 0.2492 0.2478 0.1236 0.3794
0.4951 0.5049 0.2379 0.2572 0.1273 0.3776
0.5026 0.4974 0.2535 0.2491 0.126 0.3714
0.4952 0.5048 0.2431 0.2521 0.1255 0.3793
0.5006 0.4994 0.2493 0.2513 0.1272 0.3722
0.4892 0.5108 0.2415 0.2477 0.1309 0.3799
0.4991 0.5009 0.2489 0.2502 0.1275 0.3734
0.4989 0.5011 0.2487 0.2502 0.1268 0.3743
0.5039 0.4961 0.2463 0.2576 0.1227 0.3734
0.5039 0.4961 0.248 0.2559 0.1216 0.3745
0.4969 0.5031 0.2465 0.2504 0.1256 0.3775
0.4966 0.5034 0.2415 0.2551 0.1309 0.3725
0.4923 0.5077 0.2473 0.245 0.1281 0.3796
0.5059 0.4941 0.2552 0.2507 0.1166 0.3775
0.4974 0.5026 0.2479 0.2495 0.1308 0.3718
0.4889 0.5111 0.2432 0.2457 0.1327 0.3784
0.5095 0.4905 0.2527 0.2568 0.1276 0.3629
0.4996 0.5004 0.2484 0.2512 0.1303 0.3701
0.508 0.492 0.2555 0.2525 0.1271 0.3649
0.5071 0.4929 0.2575 0.2496 0.1241 0.3688
0.4997 0.5003 0.2464 0.2533 0.1244 0.3759
0.4969 0.5031 0.247 0.2499 0.1293 0.3738
0.4925 0.5075 0.2426 0.2499 0.1312 0.3763
0.4978 0.5022 0.2468 0.251 0.129 0.3732
0.4922 0.5078 0.2522 0.24 0.1311 0.3767
0.4997 0.5003 0.251 0.2487 0.1262 0.3741
0.4956 0.5044 0.2508 0.2448 0.1278 0.3766
0.5008 0.4992 0.2535 0.2473 0.125 0.3742
0.5082 0.4918 0.2575 0.2507 0.1202 0.3716
0.4956 0.5044 0.2499 0.2457 0.1301 0.3743
0.4995 0.5005 0.2381 0.2614 0.1222 0.3783
0.495 0.505 0.2451 0.2499 0.13 0.375
0.5032 0.4968 0.2487 0.2545 0.1308 0.366
0.5049 0.4951 0.2477 0.2572 0.1229 0.3722
0.5087 0.4913 0.2557 0.253 0.1242 0.3671
0.5043 0.4957 0.2484 0.2559 0.1296 0.3661
0.5002 0.4998 0.2506 0.2496 0.1273 0.3725
0.4889 0.5111 0.2425 0.2464 0.1294 0.3817
0.4997 0.5003 0.2497 0.25 0.1312 0.3691
0.5025 0.4975 0.2539 0.2486 0.124 0.3735
0.4931 0.5069 0.2499 0.2432 0.1266 0.3803
0.5053 0.4947 0.2515 0.2538 0.1254 0.3693
0.5002 0.4998 0.2483 0.2519 0.1258 0.374
0.4964 0.5036 0.2505 0.2459 0.1267 0.3769
0.5055 0.4945 0.2552 0.2503 0.1183 0.3762
0.5144 0.4856 0.2557 0.2587 0.122 0.3636
0.4996 0.5004 0.2489 0.2507 0.1274 0.373
0.4944 0.5056 0.2505 0.2439 0.1217 0.3839
0.5034 0.4966 0.2518 0.2516 0.1239 0.3727
0.501 0.499 0.2542 0.2468 0.1261 0.3729
0.499 0.501 0.2528 0.2462 0.1227 0.3783
0.495 0.505 0.2484 0.2466 0.1248 0.3802
0.4952 0.5048 0.2497 0.2455 0.1242 0.3806
0.4963 0.5037 0.2472 0.2491 0.13 0.3737
0.4984 0.5016 0.2524 0.246 0.1232 0.3784
0.508 0.492 0.252 0.256 0.1212 0.3708
0.5095 0.4905 0.2558 0.2537 0.1191 0.3714
0.4963 0.5037 0.2504 0.2459 0.1247 0.379
0.5045 0.4955 0.2568 0.2477 0.1261 0.3694
0.5019 0.4981 0.25 0.2519 0.1242 0.3739
0.4965 0.5035 0.2483 0.2482 0.1316 0.3719
0.501 0.499 0.2552 0.2458 0.1221 0.3769
0.5023 0.4977 0.2494 0.2529 0.118 0.3797
0.4904 0.5096 0.2512 0.2392 0.1258 0.3838
0.498 0.502 0.2517 0.2463 0.1215 0.3805
0.5012 0.4988 0.2459 0.2553 0.1147 0.3841
0.5075 0.4925 0.2524 0.2551 0.1229 0.3696
0.5026 0.4974 0.2435 0.2591 0.1281 0.3693
0.501 0.499 0.2494 0.2516 0.1206 0.3784
0.4971 0.5029 0.2465 0.2506 0.1233 0.3796
0.4963 0.5037 0.2525 0.2438 0.1279 0.3758
0.5027 0.4973 0.2514 0.2513 0.1243 0.373
0.499 0.501 0.2481 0.2509 0.1225 0.3785
0.4939 0.5061 0.2444 0.2495 0.13 0.3761
0.5035 0.4965 0.2464 0.2571 0.1258 0.3707
0.5031 0.4969 0.2519 0.2512 0.1236 0.3733
0.4981 0.5019 0.2463 0.2518 0.1249 0.377
0.5059 0.4941 0.2495 0.2564 0.1258 0.3683
0.5004 0.4996 0.2502 0.2502 0.1256 0.374
0.4975 0.5025 0.2419 0.2556 0.1208 0.3817
0.4992 0.5008 0.2503 0.2489 0.1292 0.3716
0.4915 0.5085 0.2407 0.2508 0.1209 0.3876
0.4968 0.5032 0.2465 0.2503 0.1332 0.37
0.5003 0.4997 0.2507 0.2496 0.1261 0.3736
0.4924 0.5076 0.248 0.2444 0.1255 0.3821
0.4982 0.5018 0.2501 0.2481 0.1326 0.3692
0.5001 0.4999 0.2513 0.2488 0.1228 0.3771
0.503 0.497 0.2508 0.2522 0.127 0.37
0.5059 0.4941 0.242 0.2639 0.1225 0.3716
0.5052 0.4948 0.2503 0.2549 0.1207 0.3741
0.5 0.5 0.2499 0.2501 0.1221 0.3779
0.4927 0.5073 0.2429 0.2498 0.1298 0.3775
0.5112 0.4888 0.2497 0.2615 0.1247 0.3641
0.4899 0.5101 0.2478 0.2421 0.1207 0.3894
0.4976 0.5024 0.2449 0.2527 0.1241 0.3783
0.5001 0.4999 0.254 0.2461 0.1276 0.3723
0.4926 0.5074 0.2451 0.2475 0.1223 0.3851
0.5035 0.4965 0.2524 0.2511 0.1216 0.3749
0.5029 0.4971 0.2517 0.2512 0.1303 0.3668
0.5034 0.4966 0.2559 0.2475 0.1287 0.3679
0.4899 0.5101 0.2429 0.247 0.125 0.3851
0.4977 0.5023 0.2474 0.2503 0.1261 0.3762
0.499 0.501 0.2493 0.2497 0.1268 0.3742
0.4965 0.5035 0.2533 0.2432 0.1234 0.3801
0.4988 0.5012 0.2502 0.2486 0.1263 0.3749
0.4997 0.5003 0.2456 0.2541 0.127 0.3733
0.5025 0.4975 0.252 0.2505 0.1281 0.3694
0.4977 0.5023 0.2458 0.2519 0.1254 0.3769
0.5052 0.4948 0.2559 0.2493 0.1225 0.3723
0.5078 0.4922 0.2586 0.2492 0.1217 0.3705
0.4996 0.5004 0.2464 0.2532 0.1227 0.3777
0.5043 0.4957 0.2471 0.2572 0.1308 0.3649
0.4972 0.5028 0.2527 0.2445 0.1269 0.3759
0.4956 0.5044 0.245 0.2506 0.1316 0.3728
0.5089 0.4911 0.259 0.2499 0.1279 0.3632
0.4997 0.5003 0.2471 0.2526 0.122 0.3783
0.5033 0.4967 0.2502 0.2531 0.1212 0.3755
0.5061 0.4939 0.249 0.2571 0.1253 0.3686
0.5022 0.4978 0.2515 0.2507 0.1248 0.373
0.4954 0.5046 0.2505 0.2449 0.1262 0.3784
0.4961 0.5039 0.2476 0.2485 0.1263 0.3776
0.501 0.499 0.2449 0.2561 0.1251 0.3739
0.499 0.501 0.2472 0.2518 0.1248 0.3762
0.4988 0.5012 0.2492 0.2496 0.127 0.3742
0.5056 0.4944 0.2467 0.2589 0.1261 0.3683
0.5001 0.4999 0.2489 0.2512 0.1256 0.3743
0.4959 0.5041 0.2433 0.2526 0.1274 0.3767
0.498 0.502 0.2477 0.2503 0.1229 0.3791
0.5015 0.4985 0.2515 0.25 0.1306 0.3679
0.495 0.505 0.25 0.245 0.1249 0.3801
0.4944 0.5056 0.2423 0.2521 0.1179 0.3877
0.499 0.501 0.2491 0.2499 0.1251 0.3759
0.4966 0.5034 0.246 0.2506 0.1234 0.38
0.499 0.501 0.2455 0.2535 0.1295 0.3715
0.4953 0.5047 0.2475 0.2478 0.1265 0.3782
0.5009 0.4991 0.2522 0.2487 0.1257 0.3734
0.51 0.49 0.2498 0.2602 0.1195 0.3705
0.4955 0.5045 0.242 0.2535 0.1229 0.3816
0.4986 0.5014 0.2452 0.2534 0.1274 0.374
0.495 0.505 0.2506 0.2444 0.1283 0.3767
0.5047 0.4953 0.2559 0.2488 0.1253 0.37
0.4998 0.5002 0.2442 0.2556 0.1225 0.3777
0.5085 0.4915 0.2572 0.2513 0.1249 0.3666
0.4919 0.5081 0.2468 0.2451 0.122 0.3861
0.501 0.499 0.2506 0.2504 0.1265 0.3725
0.4982 0.5018 0.2523 0.2459 0.1296 0.3722
0.4971 0.5029 0.2506 0.2465 0.1314 0.3715
0.5081 0.4919 0.2554 0.2527 0.125 0.3669
0.493 0.507 0.2506 0.2424 0.1287 0.3783
0.5017 0.4983 0.2562 0.2455 0.1285 0.3698
0.5125 0.4875 0.2573 0.2552 0.1202 0.3673
0.5101 0.4899 0.2568 0.2533 0.1182 0.3717
0.4928 0.5072 0.2496 0.2432 0.1247 0.3825
0.4976 0.5024 0.2516 0.246 0.1204 0.382
0.498 0.502 0.2492 0.2488 0.1272 0.3748
0.5068 0.4932 0.2584 0.2484 0.1232 0.37
0.4978 0.5022 0.2472 0.2506 0.1169 0.3853
0.4938 0.5062 0.2456 0.2482 0.1289 0.3773
0.4978 0.5022 0.2507 0.2471 0.1277 0.3745
0.5044 0.4956 0.2597 0.2447 0.1261 0.3695
0.4977 0.5023 0.2466 0.2511 0.1238 0.3785
0.4989 0.5011 0.246 0.2529 0.1263 0.3748
0.5047 0.4953 0.2481 0.2566 0.1254 0.3699
0.5076 0.4924 0.2548 0.2528 0.1181 0.3743
0.496 0.504 0.2517 0.2443 0.1258 0.3782
0.5002 0.4998 0.2523 0.2479 0.1277 0.3721
0.4996 0.5004 0.2567 0.2429 0.125 0.3754
0.5018 0.4982 0.2556 0.2462 0.1222 0.376
0.5064 0.4936 0.2535 0.2529 0.1225 0.3711
0.507 0.493 0.2503 0.2567 0.13 0.363
0.4999 0.5001 0.2478 0.2521 0.131 0.3691
0.5015 0.4985 0.2523 0.2492 0.1279 0.3706
0.4994 0.5006 0.2457 0.2537 0.1274 0.3732
0.5058 0.4942 0.2487 0.2571 0.1207 0.3735
0.4994 0.5006 0.2485 0.2509 0.1192 0.3814
0.5056 0.4944 0.2531 0.2525 0.1206 0.3738
0.4964 0.5036 0.2439 0.2525 0.1236 0.38
0.4964 0.5036 0.2461 0.2503 0.128 0.3756
0.4885 0.5115 0.2415 0.247 0.1291 0.3824
0.5009 0.4991 0.2531 0.2478 0.1239 0.3752
0.4993 0.5007 0.2463 0.253 0.1228 0.3779
0.5032 0.4968 0.2549 0.2483 0.1283 0.3685
0.5012 0.4988 0.2481 0.2531 0.126 0.3728
0.5003 0.4997 0.2494 0.2509 0.1237 0.376
0.5099 0.4901 0.247 0.2629 0.1188 0.3713
0.4991 0.5009 0.2454 0.2537 0.1208 0.3801
0.5022 0.4978 0.2516 0.2506 0.1244 0.3734
0.5055 0.4945 0.2516 0.2539 0.1285 0.366
0.5006 0.4994 0.2498 0.2508 0.1224 0.377
0.4975 0.5025 0.2473 0.2502 0.1263 0.3762
0.4945 0.5055 0.2481 0.2464 0.1231 0.3824
0.4958 0.5042 0.2445 0.2513 0.1254 0.3788
0.5148 0.4852 0.2581 0.2567 0.1202 0.365
0.499 0.501 0.2524 0.2466 0.1217 0.3793
0.4966 0.5034 0.2456 0.251 0.1268 0.3766
0.4967 0.5033 0.2462 0.2505 0.1256 0.3777
0.5038 0.4962 0.2519 0.2519 0.1239 0.3723
0.5036 0.4964 0.2482 0.2554 0.126 0.3704
0.4897 0.5103 0.2516 0.2381 0.1249 0.3854
0.5082 0.4918 0.2529 0.2553 0.1259 0.3659
0.5012 0.4988 0.2552 0.246 0.1238 0.375
0.501 0.499 0.2511 0.2499 0.1209 0.3781
0.4934 0.5066 0.2506 0.2428 0.1302 0.3764
0.5047 0.4953 0.2544 0.2503 0.125 0.3703
0.4977 0.5023 0.2385 0.2592 0.1243 0.378
0.5001 0.4999 0.2486 0.2515 0.1216 0.3783
0.5029 0.4971 0.2477 0.2552 0.1218 0.3753
0.5003 0.4997 0.2443 0.256 0.1243 0.3754
0.4981 0.5019 0.2438 0.2543 0.1293 0.3726
0.497 0.503 0.2543 0.2427 0.1171 0.3859
0.5049 0.4951 0.2543 0.2506 0.1216 0.3735
0.5058 0.4942 0.2589 0.2469 0.1206 0.3736
0.4992 0.5008 0.247 0.2522 0.1295 0.3713
0.4938 0.5062 0.2488 0.245 0.1239 0.3823
0.5027 0.4973 0.2526 0.2501 0.1286 0.3687
0.489 0.511 0.2464 0.2426 0.1293 0.3817
0.4966 0.5034 0.2448 0.2518 0.1246 0.3788
0.4963 0.5037 0.251 0.2453 0.1286 0.3751
0.4923 0.5077 0.2463 0.246 0.1302 0.3775
0.4989 0.5011 0.2566 0.2423 0.1199 0.3812
0.5017 0.4983 0.2506 0.2511 0.1252 0.3731
0.4996 0.5004 0.246 0.2536 0.1252 0.3752
0.4971 0.5029 0.2524 0.2447 0.1265 0.3764
0.4975 0.5025 0.2458 0.2517 0.1235 0.379
0.4984 0.5016 0.2479 0.2505 0.1195 0.3821
0.5016 0.4984 0.2503 0.2513 0.122 0.3764
0.5058 0.4942 0.2475 0.2583 0.1188 0.3754
0.5033 0.4967 0.2508 0.2525 0.125 0.3717
0.5041 0.4959 0.2413 0.2628 0.1301 0.3658
0.498 0.502 0.2466 0.2514 0.1242 0.3778
0.5051 0.4949 0.2548 0.2503 0.1266 0.3683
0.4956 0.5044 0.2473 0.2483 0.1299 0.3745
0.501 0.499 0.2476 0.2534 0.126 0.373
0.5072 0.4928 0.2592 0.248 0.1241 0.3687
0.4982 0.5018 0.2498 0.2484 0.1248 0.377
0.4998 0.5002 0.251 0.2488 0.1267 0.3735
0.4999 0.5001 0.2511 0.2488 0.126 0.3741
0.5061 0.4939 0.2519 0.2542 0.1255 0.3684
0.5048 0.4952 0.2529 0.2519 0.1219 0.3733
0.4973 0.5027 0.247 0.2503 0.1262 0.3765
0.495 0.505 0.2458 0.2492 0.1255 0.3795
0.5046 0.4954 0.2521 0.2525 0.128 0.3674
0.5051 0.4949 0.2598 0.2453 0.1254 0.3695
