0.5024 0.4976 0.2482 0.2542 0.1511 0.3465
0.5043 0.4957 0.2606 0.2437 0.1495 0.3462
0.4864 0.5136 0.2417 0.2447 0.1592 0.3544
0.4919 0.5081 0.2408 0.2511 0.1515 0.3566
0.4999 0.5001 0.2476 0.2523 0.1509 0.3492
0.4972 0.5028 0.2513 0.2459 0.1481 0.3547
0.5 0.5 0.248 0.252 0.1544 0.3456
0.4931 0.5069 0.2483 0.2448 0.1535 0.3534
0.4971 0.5029 0.2453 0.2518 0.1532 0.3497
0.496 0.504 0.2436 0.2524 0.1494 0.3546
0.5038 0.4962 0.2469 0.2569 0.1494 0.3468
0.4966 0.5034 0.2424 0.2542 0.1477 0.3557
0.502 0.498 0.259 0.243 0.1459 0.3521
0.5003 0.4997 0.2477 0.2526 0.1497 0.35
0.5008 0.4992 0.2541 0.2467 0.1518 0.3474
0.5011 0.4989 0.2529 0.2482 0.1503 0.3486
0.493 0.507 0.2438 0.2492 0.1519 0.3551
0.4982 0.5018 0.2484 0.2498 0.1484 0.3534
0.5014 0.4986 0.2525 0.2489 0.1498 0.3488
0.4967 0.5033 0.2524 0.2443 0.1508 0.3525
0.4987 0.5013 0.2472 0.2515 0.1516 0.3497
0.492 0.508 0.2475 0.2445 0.1542 0.3538
0.5006 0.4994 0.2504 0.2502 0.1521 0.3473
0.5091 0.4909 0.262 0.2471 0.149 0.3419
0.5048 0.4952 0.2504 0.2544 0.1549 0.3403
0.5086 0.4914 0.2557 0.2529 0.1455 0.3459
0.5084 0.4916 0.2602 0.2482 0.1485 0.3431
0.5029 0.4971 0.2523 0.2506 0.1449 0.3522
0.5041 0.4959 0.2548 0.2493 0.1436 0.3523
0.5009 0.4991 0.2545 0.2464 0.1508 0.3483
0.5008 0.4992 0.2488 0.252 0.1533 0.3459
0.5015 0.4985 0.2438 0.2577 0.1518 0.3467
0.4995 0.5005 0.2387 0.2608 0.1574 0.3431
0.4968 0.5032 0.2466 0.2502 0.1511 0.3521
0.4984 0.5016 0.247 0.2514 0.1439 0.3577
0.4981 0.5019 0.2495 0.2486 0.1481 0.3538
0.4947 0.5053 0.2423 0.2524 0.1525 0.3528
0.4972 0.5028 0.2495 0.2477 0.1512 0.3516
0.4945 0.5055 0.2471 0.2474 0.1529 0.3526
0.492 0.508 0.2431 0.2489 0.1543 0.3537
0.5008 0.4992 0.2569 0.2439 0.1526 0.3466
0.4964 0.5036 0.2519 0.2445 0.1583 0.3453
0.4938 0.5062 0.2406 0.2532 0.1492 0.357
0.5024 0.4976 0.2492 0.2532 0.1493 0.3483
0.5001 0.4999 0.2457 0.2544 0.147 0.3529
0.5028 0.4972 0.251 0.2518 0.1448 0.3524
0.4973 0.5027 0.2429 0.2544 0.1521 0.3506
0.4971 0.5029 0.2459 0.2512 0.1456 0.3573
0.4962 0.5038 0.2485 0.2477 0.152 0.3518
0.5059 0.4941 0.2583 0.2476 0.1465 0.3476
0.4983 0.5017 0.2478 0.2505 0.1528 0.3489
0.506 0.494 0.2511 0.2549 0.1494 0.3446
0.5045 0.4955 0.2525 0.252 0.1533 0.3422
0.4921 0.5079 0.244 0.2481 0.1468 0.3611
0.5136 0.4864 0.2557 0.2579 0.1432 0.3432
0.4924 0.5076 0.2422 0.2502 0.155 0.3526
0.4999 0.5001 0.2498 0.2501 0.1494 0.3507
0.5033 0.4967 0.2599 0.2434 0.1499 0.3468
0.4995 0.5005 0.2511 0.2484 0.1465 0.354
0.504 0.496 0.2513 0.2527 0.153 0.343
0.4946 0.5054 0.2484 0.2462 0.1505 0.3549
0.5001 0.4999 0.2478 0.2523 0.1497 0.3502
0.5004 0.4996 0.2546 0.2458 0.1506 0.349
0.4956 0.5044 0.2448 0.2508 0.1479 0.3565
0.5034 0.4966 0.2515 0.2519 0.1555 0.3411
0.4948 0.5052 0.2496 0.2452 0.1527 0.3525
0.5073 0.4927 0.2566 0.2507 0.1421 0.3506
0.5022 0.4978 0.2513 0.2509 0.1464 0.3514
0.4918 0.5082 0.2506 0.2412 0.1492 0.359
0.4992 0.5008 0.2484 0.2508 0.1486 0.3522
0.4992 0.5008 0.2502 0.249 0.1504 0.3504
0.4985 0.5015 0.2427 0.2558 0.1515 0.35
0.4968 0.5032 0.2444 0.2524 0.1507 0.3525
0.5027 0.4973 0.2566 0.2461 0.1443 0.353
0.4986 0.5014 0.2495 0.2491 0.151 0.3504
0.4908 0.5092 0.2421 0.2487 0.1578 0.3514
0.4944 0.5056 0.2433 0.2511 0.1495 0.3561
0.5052 0.4948 0.2498 0.2554 0.1463 0.3485
0.4979 0.5021 0.2528 0.2451 0.1555 0.3466
0.5015 0.4985 0.2495 0.252 0.1472 0.3513
0.4958 0.5042 0.2456 0.2502 0.1543 0.3499
0.5035 0.4965 0.254 0.2495 0.1484 0.3481
0.5016 0.4984 0.2497 0.2519 0.1516 0.3468
0.4994 0.5006 0.251 0.2484 0.1502 0.3504
0.5001 0.4999 0.25 0.2501 0.1475 0.3524
0.4909 0.5091 0.2417 0.2492 0.1605 0.3486
0.4952 0.5048 0.2455 0.2497 0.1537 0.3511
0.505 0.495 0.2408 0.2642 0.149 0.346
0.4951 0.5049 0.2484 0.2467 0.1519 0.353
0.4977 0.5023 0.251 0.2467 0.1467 0.3556
0.4972 0.5028 0.2518 0.2454 0.1455 0.3573
0.5114 0.4886 0.2487 0.2627 0.1439 0.3447
0.4949 0.5051 0.2471 0.2478 0.1481 0.357
0.5015 0.4985 0.254 0.2475 0.1483 0.3502
0.4932 0.5068 0.2414 0.2518 0.1546 0.3522
0.4924 0.5076 0.2509 0.2415 0.1528 0.3548
0.5027 0.4973 0.2484 0.2543 0.1532 0.3441
0.5006 0.4994 0.2502 0.2504 0.1504 0.349
0.5005 0.4995 0.2441 0.2564 0.1536 0.3459
0.5059 0.4941 0.2525 0.2534 0.141 0.3531
0.4956 0.5044 0.2441 0.2515 0.1489 0.3555
0.5001 0.4999 0.2493 0.2508 0.1504 0.3495
0.506 0.494 0.2558 0.2502 0.1479 0.3461
0.5046 0.4954 0.2484 0.2562 0.1488 0.3466
0.4986 0.5014 0.2481 0.2505 0.1503 0.3511
0.5035 0.4965 0.2606 0.2429 0.1503 0.3462
0.5091 0.4909 0.2548 0.2543 0.1526 0.3383
0.4999 0.5001 0.2472 0.2527 0.148 0.3521
0.4997 0.5003 0.2498 0.2499 0.1536 0.3467
0.4978 0.5022 0.2484 0.2494 0.1482 0.354
0.5076 0.4924 0.257 0.2506 0.1511 0.3413
0.4999 0.5001 0.2518 0.2481 0.1563 0.3438
0.494 0.506 0.2485 0.2455 0.1451 0.3609
0.4968 0.5032 0.2479 0.2489 0.1502 0.353
0.4978 0.5022 0.2487 0.2491 0.1481 0.3541
0.4999 0.5001 0.2477 0.2522 0.1495 0.3506
0.4983 0.5017 0.2465 0.2518 0.1529 0.3488
0.4932 0.5068 0.2439 0.2493 0.1527 0.3541
0.5046 0.4954 0.2533 0.2513 0.1504 0.345
0.5 0.5 0.2468 0.2532 0.1521 0.3479
0.4974 0.5026 0.2448 0.2526 0.1492 0.3534
0.5047 0.4953 0.2493 0.2554 0.1533 0.342
0.4914 0.5086 0.2418 0.2496 0.15 0.3586
0.4959 0.5041 0.2454 0.2505 0.1568 0.3473
0.4953 0.5047 0.2533 0.242 0.1543 0.3504
0.5003 0.4997 0.254 0.2463 0.1542 0.3455
0.4987 0.5013 0.2471 0.2516 0.1565 0.3448
0.4969 0.5031 0.2506 0.2463 0.1485 0.3546
0.5062 0.4938 0.2494 0.2568 0.1485 0.3453
0.4984 0.5016 0.2518 0.2466 0.1534 0.3482
0.4968 0.5032 0.2479 0.2489 0.1504 0.3528
0.4989 0.5011 0.2512 0.2477 0.1526 0.3485
0.4991 0.5009 0.2556 0.2435 0.148 0.3529
0.494 0.506 0.2444 0.2496 0.1497 0.3563
0.5068 0.4932 0.2569 0.2499 0.1455 0.3477
0.504 0.496 0.2536 0.2504 0.1477 0.3483
0.5023 0.4977 0.2497 0.2526 0.1438 0.3539
0.5039 0.4961 0.2564 0.2475 0.1512 0.3449
0.4992 0.5008 0.2522 0.247 0.1498 0.351
0.5093 0.4907 0.2537 0.2556 0.146 0.3447
0.5036 0.4964 0.2487 0.2549 0.1487 0.3477
0.4995 0.5005 0.2498 0.2497 0.1555 0.345
0.5057 0.4943 0.253 0.2527 0.1541 0.3402
0.5091 0.4909 0.2615 0.2476 0.1501 0.3408
0.4998 0.5002 0.2465 0.2533 0.1456 0.3546
0.4948 0.5052 0.2529 0.2419 0.1451 0.3601
0.4978 0.5022 0.247 0.2508 0.1543 0.3479
0.5014 0.4986 0.2536 0.2478 0.1459 0.3527
0.5023 0.4977 0.2483 0.254 0.1488 0.3489
0.4997 0.5003 0.2468 0.2529 0.1535 0.3468
0.5051 0.4949 0.2522 0.2529 0.1463 0.3486
0.4925 0.5075 0.2476 0.2449 0.1547 0.3528
0.498 0.502 0.2548 0.2432 0.1496 0.3524
0.5002 0.4998 0.2479 0.2523 0.1459 0.3539
0.4995 0.5005 0.2523 0.2472 0.1488 0.3517
0.4976 0.5024 0.2526 0.245 0.1483 0.3541
0.4962 0.5038 0.2508 0.2454 0.1503 0.3535
0.4962 0.5038 0.251 0.2452 0.1489 0.3549
0.4964 0.5036 0.2476 0.2488 0.1438 0.3598
0.4986 0.5014 0.2501 0.2485 0.1527 0.3487
0.5036 0.4964 0.2479 0.2557 0.151 0.3454
0.4991 0.5009 0.2519 0.2472 0.1483 0.3526
0.5004 0.4996 0.2493 0.2511 0.1455 0.3541
0.4975 0.5025 0.2457 0.2518 0.1471 0.3554
0.5018 0.4982 0.2484 0.2534 0.1471 0.3511
0.5051 0.4949 0.2529 0.2522 0.1516 0.3433
0.5055 0.4945 0.2499 0.2556 0.1531 0.3414
0.511 0.489 0.2538 0.2572 0.1512 0.3378
0.5058 0.4942 0.2538 0.252 0.1466 0.3476
0.5076 0.4924 0.2489 0.2587 0.1469 0.3455
0.5006 0.4994 0.251 0.2496 0.15 0.3494
0.4993 0.5007 0.2552 0.2441 0.1492 0.3515
0.5006 0.4994 0.2554 0.2452 0.1456 0.3538
0.5012 0.4988 0.2498 0.2514 0.1549 0.3439
0.5003 0.4997 0.2466 0.2537 0.1495 0.3502
0.5063 0.4937 0.254 0.2523 0.1485 0.3452
0.4936 0.5064 0.2505 0.2431 0.1535 0.3529
0.4989 0.5011 0.2388 0.2601 0.1486 0.3525
0.5044 0.4956 0.2539 0.2505 0.1476 0.348
0.4978 0.5022 0.2527 0.2451 0.1483 0.3539
0.5048 0.4952 0.2577 0.2471 0.1492 0.346
0.5076 0.4924 0.2551 0.2525 0.147 0.3454
0.4978 0.5022 0.2465 0.2513 0.1518 0.3504
0.4997 0.5003 0.2472 0.2525 0.1476 0.3527
0.5044 0.4956 0.2539 0.2505 0.1538 0.3418
0.5003 0.4997 0.2515 0.2488 0.1526 0.3471
0.5071 0.4929 0.2545 0.2526 0.1528 0.3401
0.4945 0.5055 0.2456 0.2489 0.1554 0.3501
0.4987 0.5013 0.2482 0.2505 0.1507 0.3506
0.5054 0.4946 0.2568 0.2486 0.1458 0.3488
0.5024 0.4976 0.262 0.2404 0.1528 0.3448
0.4994 0.5006 0.2499 0.2495 0.1515 0.3491
0.503 0.497 0.2497 0.2533 0.1498 0.3472
0.5095 0.4905 0.2574 0.2521 0.1519 0.3386
0.5069 0.4931 0.2545 0.2524 0.1409 0.3522
0.4982 0.5018 0.2547 0.2435 0.1487 0.3531
0.5013 0.4987 0.2422 0.2591 0.1485 0.3502
0.4983 0.5017 0.2528 0.2455 0.1529 0.3488
0.503 0.497 0.2568 0.2462 0.1512 0.3458
0.5054 0.4946 0.2558 0.2496 0.149 0.3456
0.4963 0.5037 0.2486 0.2477 0.1491 0.3546
0.4909 0.5091 0.2414 0.2495 0.1509 0.3582
0.5045 0.4955 0.2605 0.244 0.1495 0.346
0.5105 0.4895 0.2556 0.2549 0.1438 0.3457
0.5018 0.4982 0.2452 0.2566 0.148 0.3502
0.4988 0.5012 0.2478 0.251 0.1498 0.3514
0.4984 0.5016 0.2508 0.2476 0.1513 0.3503
0.5084 0.4916 0.2561 0.2523 0.1497 0.3419
0.4972 0.5028 0.2478 0.2494 0.1488 0.354
0.5121 0.4879 0.2522 0.2599 0.1462 0.3417
0.5009 0.4991 0.25 0.2509 0.1532 0.3459
0.4919 0.5081 0.2446 0.2473 0.153 0.3551
0.51 0.49 0.2488 0.2612 0.1447 0.3453
0.5015 0.4985 0.2517 0.2498 0.1464 0.3521
0.5054 0.4946 0.2507 0.2547 0.148 0.3466
0.498 0.502 0.2452 0.2528 0.1492 0.3528
0.4971 0.5029 0.248 0.2491 0.1466 0.3563
0.4977 0.5023 0.2527 0.245 0.1525 0.3498
0.5006 0.4994 0.2522 0.2484 0.1514 0.348
0.5014 0.4986 0.2512 0.2502 0.149 0.3496
0.5021 0.4979 0.2517 0.2504 0.1539 0.344
0.4998 0.5002 0.249 0.2508 0.1492 0.351
0.4927 0.5073 0.2472 0.2455 0.1516 0.3557
0.5011 0.4989 0.2535 0.2476 0.1501 0.3488
0.497 0.503 0.2545 0.2425 0.1492 0.3538
0.5019 0.4981 0.2559 0.246 0.1536 0.3445
0.4999 0.5001 0.2502 0.2497 0.1494 0.3507
0.5007 0.4993 0.2448 0.2559 0.1526 0.3467
0.4916 0.5084 0.2398 0.2518 0.1484 0.36
0.5028 0.4972 0.2474 0.2554 0.1484 0.3488
0.5003 0.4997 0.2487 0.2516 0.1482 0.3515
0.501 0.499 0.2521 0.2489 0.1456 0.3534
0.5016 0.4984 0.2471 0.2545 0.1476 0.3508
0.4959 0.5041 0.2484 0.2475 0.1473 0.3568
0.5034 0.4966 0.2436 0.2598 0.1492 0.3474
0.5058 0.4942 0.2497 0.2561 0.1472 0.347
0.4938 0.5062 0.2468 0.247 0.1546 0.3516
0.5011 0.4989 0.2448 0.2563 0.1473 0.3516
0.502 0.498 0.2509 0.2511 0.1448 0.3532
0.4942 0.5058 0.2484 0.2458 0.1548 0.351
0.4924 0.5076 0.2521 0.2403 0.1478 0.3598
0.4981 0.5019 0.2484 0.2497 0.151 0.3509
0.5028 0.4972 0.2503 0.2525 0.1468 0.3504
0.497 0.503 0.2443 0.2527 0.1511 0.3519
0.5019 0.4981 0.2545 0.2474 0.1411 0.357
0.5021 0.4979 0.2575 0.2446 0.1478 0.3501
0.5 0.5 0.2494 0.2506 0.1492 0.3508
0.5055 0.4945 0.2504 0.2551 0.1493 0.3452
0.5072 0.4928 0.2545 0.2527 0.1531 0.3397
0.5017 0.4983 0.2559 0.2458 0.1422 0.3561
0.5053 0.4947 0.2559 0.2494 0.1492 0.3455
0.4948 0.5052 0.2536 0.2412 0.1517 0.3535
0.5052 0.4948 0.2495 0.2557 0.1477 0.3471
0.4977 0.5023 0.2536 0.2441 0.147 0.3553
0.4992 0.5008 0.2503 0.2489 0.148 0.3528
0.507 0.493 0.2525 0.2545 0.1428 0.3502
0.5023 0.4977 0.254 0.2483 0.1513 0.3464
0.5032 0.4968 0.255 0.2482 0.1548 0.342
0.4992 0.5008 0.2586 0.2406 0.1502 0.3506
0.5003 0.4997 0.2572 0.2431 0.1512 0.3485
0.4976 0.5024 0.25 0.2476 0.1542 0.3482
0.4879 0.5121 0.2459 0.242 0.1548 0.3573
0.4966 0.5034 0.2493 0.2473 0.1491 0.3543
0.5004 0.4996 0.2493 0.2511 0.1515 0.3481
0.5042 0.4958 0.2512 0.253 0.1454 0.3504
0.4993 0.5007 0.2528 0.2465 0.151 0.3497
0.5025 0.4975 0.2532 0.2493 0.1459 0.3516
0.4989 0.5011 0.2516 0.2473 0.1471 0.354
0.5006 0.4994 0.2476 0.253 0.1486 0.3508
0.4949 0.5051 0.2469 0.248 0.155 0.3501
0.4989 0.5011 0.2551 0.2438 0.156 0.3451
0.4963 0.5037 0.2445 0.2518 0.1547 0.349
0.4974 0.5026 0.2542 0.2432 0.1531 0.3495
0.4974 0.5026 0.2499 0.2475 0.1481 0.3545
0.4999 0.5001 0.245 0.2549 0.151 0.3491
0.4979 0.5021 0.2512 0.2467 0.1504 0.3517
0.4956 0.5044 0.2426 0.253 0.1543 0.3501
0.4924 0.5076 0.2418 0.2506 0.1508 0.3568
0.4987 0.5013 0.2503 0.2484 0.1499 0.3514
0.5082 0.4918 0.254 0.2542 0.1491 0.3427
0.4996 0.5004 0.2544 0.2452 0.1497 0.3507
0.4972 0.5028 0.2489 0.2483 0.1526 0.3502
0.5007 0.4993 0.2553 0.2454 0.1552 0.3441
0.4946 0.5054 0.2406 0.254 0.1505 0.3549
0.5033 0.4967 0.2578 0.2455 0.1507 0.346
0.4943 0.5057 0.2464 0.2479 0.1502 0.3555
0.5025 0.4975 0.2493 0.2532 0.1496 0.3479
0.5056 0.4944 0.2564 0.2492 0.1509 0.3435
0.5074 0.4926 0.251 0.2564 0.1497 0.3429
0.5092 0.4908 0.2557 0.2535 0.152 0.3388
0.4994 0.5006 0.2536 0.2458 0.1453 0.3553
0.5058 0.4942 0.2526 0.2532 0.1457 0.3485
0.4965 0.5035 0.2522 0.2443 0.1529 0.3506
0.5017 0.4983 0.2562 0.2455 0.1534 0.3449
0.4957 0.5043 0.2509 0.2448 0.1473 0.357
0.4936 0.5064 0.2435 0.2501 0.1558 0.3506
0.5168 0.4832 0.2562 0.2606 0.1471 0.3361
0.4996 0.5004 0.2544 0.2452 0.1496 0.3508
0.5012 0.4988 0.2448 0.2564 0.1534 0.3454
0.5062 0.4938 0.2469 0.2593 0.1523 0.3415
0.5012 0.4988 0.2502 0.251 0.1457 0.3531
0.4968 0.5032 0.2519 0.2449 0.1487 0.3545
0.5049 0.4951 0.2514 0.2535 0.1466 0.3485
0.5014 0.4986 0.2543 0.2471 0.1469 0.3517
0.4981 0.5019 0.2491 0.249 0.1516 0.3503
0.4991 0.5009 0.2521 0.247 0.1559 0.345
0.4964 0.5036 0.2521 0.2443 0.149 0.3546
0.4966 0.5034 0.2515 0.2451 0.1495 0.3539
0.5029 0.4971 0.2558 0.2471 0.148 0.3491
0.5026 0.4974 0.2551 0.2475 0.1508 0.3466
0.5068 0.4932 0.2612 0.2456 0.1507 0.3425
0.4952 0.5048 0.2488 0.2464 0.1561 0.3487
0.4979 0.5021 0.2504 0.2475 0.147 0.3551
0.493 0.507 0.2438 0.2492 0.1498 0.3572
0.5013 0.4987 0.2472 0.2541 0.1466 0.3521
0.4998 0.5002 0.2518 0.248 0.1556 0.3446
0.4953 0.5047 0.2461 0.2492 0.1518 0.3529
0.5082 0.4918 0.2562 0.252 0.1485 0.3433
0.5017 0.4983 0.2545 0.2472 0.1466 0.3517
0.5028 0.4972 0.2456 0.2572 0.1461 0.3511
0.5032 0.4968 0.2538 0.2494 0.1571 0.3397
0.4993 0.5007 0.2527 0.2466 0.1572 0.3435
0.504 0.496 0.2553 0.2487 0.1501 0.3459
0.5026 0.4974 0.2475 0.2551 0.1486 0.3488
0.4995 0.5005 0.2499 0.2496 0.1473 0.3532
0.5089 0.4911 0.2509 0.258 0.1479 0.3432
0.4967 0.5033 0.246 0.2507 0.1465 0.3568
0.5047 0.4953 0.2577 0.247 0.1537 0.3416
0.4898 0.5102 0.2457 0.2441 0.1526 0.3576
0.5059 0.4941 0.2459 0.26 0.1498 0.3443
0.4997 0.5003 0.2494 0.2503 0.155 0.3453
0.4928 0.5072 0.2452 0.2476 0.1516 0.3556
0.4954 0.5046 0.2453 0.2501 0.1518 0.3528
0.5074 0.4926 0.2474 0.26 0.1488 0.3438
0.4987 0.5013 0.2428 0.2559 0.1555 0.3458
0.4959 0.5041 0.2434 0.2525 0.1509 0.3532
0.4886 0.5114 0.2455 0.2431 0.1518 0.3596
0.5077 0.4923 0.2556 0.2521 0.1445 0.3478
0.4909 0.5091 0.2494 0.2415 0.1545 0.3546
0.5008 0.4992 0.2498 0.251 0.1474 0.3518
0.4963 0.5037 0.2484 0.2479 0.1513 0.3524
0.4997 0.5003 0.2462 0.2535 0.1453 0.355
0.5005 0.4995 0.2441 0.2564 0.147 0.3525
0.494 0.506 0.2485 0.2455 0.1466 0.3594
0.4981 0.5019 0.2457 0.2524 0.1509 0.351
0.5002 0.4998 0.2487 0.2515 0.1526 0.3472
0.5041 0.4959 0.2502 0.2539 0.148 0.3479
0.4981 0.5019 0.2428 0.2553 0.1527 0.3492
0.5195 0.4805 0.2567 0.2628 0.1447 0.3358
0.4967 0.5033 0.2476 0.2491 0.1531 0.3502
0.4973 0.5027 0.2475 0.2498 0.1476 0.3551
0.4919 0.5081 0.2487 0.2432 0.1556 0.3525
0.4982 0.5018 0.2429 0.2553 0.1481 0.3537
0.496 0.504 0.2505 0.2455 0.1496 0.3544
0.4961 0.5039 0.2482 0.2479 0.1508 0.3531
0.4971 0.5029 0.252 0.2451 0.1515 0.3514
0.5004 0.4996 0.2525 0.2479 0.1507 0.3489
0.4994 0.5006 0.2495 0.2499 0.1477 0.3529
0.5016 0.4984 0.2486 0.253 0.1444 0.354
0.5136 0.4864 0.2624 0.2512 0.151 0.3354
0.5032 0.4968 0.2416 0.2616 0.1503 0.3465
0.4946 0.5054 0.2459 0.2487 0.1482 0.3572
0.5028 0.4972 0.2466 0.2562 0.1476 0.3496
0.4985 0.5015 0.2476 0.2509 0.146 0.3555
0.5005 0.4995 0.2485 0.252 0.1417 0.3578
0.4916 0.5084 0.2535 0.2381 0.1542 0.3542
0.5048 0.4952 0.252 0.2528 0.15 0.3452
0.5095 0.4905 0.2579 0.2516 0.1493 0.3412
0.5052 0.4948 0.2511 0.2541 0.1444 0.3504
0.5078 0.4922 0.2555 0.2523 0.145 0.3472
0.4978 0.5022 0.2495 0.2483 0.1521 0.3501
0.4999 0.5001 0.2527 0.2472 0.1516 0.3485
0.5011 0.4989 0.2508 0.2503 0.1488 0.3501
0.4969 0.5031 0.2472 0.2497 0.1466 0.3565
0.4933 0.5067 0.2431 0.2502 0.1554 0.3513
0.503 0.497 0.2522 0.2508 0.1523 0.3447
0.5009 0.4991 0.2475 0.2534 0.1421 0.357
0.5018 0.4982 0.2558 0.246 0.1523 0.3459
0.4959 0.5041 0.2418 0.2541 0.1502 0.3539
0.5002 0.4998 0.2524 0.2478 0.1465 0.3533
0.5071 0.4929 0.253 0.2541 0.1524 0.3405
0.4934 0.5066 0.2505 0.2429 0.1527 0.3539
0.5014 0.4986 0.2535 0.2479 0.1435 0.3551
0.4976 0.5024 0.2473 0.2503 0.1511 0.3513
0.4949 0.5051 0.245 0.2499 0.1545 0.3506
0.4984 0.5016 0.2493 0.2491 0.1502 0.3514
0.4978 0.5022 0.2424 0.2554 0.1548 0.3474
0.4955 0.5045 0.2389 0.2566 0.1496 0.3549
0.5039 0.4961 0.2557 0.2482 0.1549 0.3412
0.4971 0.5029 0.2437 0.2534 0.1528 0.3501
0.4989 0.5011 0.2536 0.2453 0.1501 0.351
0.5094 0.4906 0.2514 0.258 0.1459 0.3447
0.5031 0.4969 0.2523 0.2508 0.1503 0.3466
0.4931 0.5069 0.2442 0.2489 0.1561 0.3508
0.4936 0.5064 0.2503 0.2433 0.1572 0.3492
0.4961 0.5039 0.2563 0.2398 0.1503 0.3536
0.4976 0.5024 0.2448 0.2528 0.1448 0.3576
0.5073 0.4927 0.2582 0.2491 0.1463 0.3464
0.5008 0.4992 0.2476 0.2532 0.1465 0.3527
0.497 0.503 0.2452 0.2518 0.149 0.354
0.4967 0.5033 0.2529 0.2438 0.1466 0.3567
0.5019 0.4981 0.2497 0.2522 0.1492 0.3489
0.4951 0.5049 0.2504 0.2447 0.1567 0.3482
0.4996 0.5004 0.2506 0.249 0.1517 0.3487
0.4929 0.5071 0.2445 0.2484 0.1555 0.3516
0.4987 0.5013 0.2436 0.2551 0.1507 0.3506
0.4993 0.5007 0.2498 0.2495 0.147 0.3537
0.4985 0.5015 0.2473 0.2512 0.1512 0.3503
0.4974 0.5026 0.2535 0.2439 0.1486 0.354
0.5016 0.4984 0.2546 0.247 0.1465 0.3519
0.5014 0.4986 0.25 0.2514 0.1557 0.3429
0.4871 0.5129 0.2388 0.2483 0.1553 0.3576
0.4972 0.5028 0.2599 0.2373 0.16 0.3428
0.5076 0.4924 0.2549 0.2527 0.1488 0.3436
0.505 0.495 0.2527 0.2523 0.1464 0.3486
0.4916 0.5084 0.2458 0.2458 0.154 0.3544
0.5014 0.4986 0.2478 0.2536 0.1485 0.3501
0.4967 0.5033 0.2508 0.2459 0.1514 0.3519
0.4947 0.5053 0.2534 0.2413 0.1515 0.3538
0.4976 0.5024 0.2527 0.2449 0.144 0.3584
0.5006 0.4994 0.245 0.2556 0.1466 0.3528
0.5004 0.4996 0.2535 0.2469 0.1484 0.3512
0.5063 0.4937 0.2505 0.2558 0.1515 0.3422
0.4896 0.5104 0.238 0.2516 0.1533 0.3571
0.5006 0.4994 0.2496 0.251 0.1551 0.3443
0.5044 0.4956 0.2525 0.2519 0.145 0.3506
0.4989 0.5011 0.2462 0.2527 0.1558 0.3453
0.4969 0.5031 0.2548 0.2421 0.152 0.3511
0.4956 0.5044 0.2434 0.2522 0.1584 0.346
0.4957 0.5043 0.2462 0.2495 0.153 0.3513
0.5019 0.4981 0.2595 0.2424 0.1483 0.3498
0.5076 0.4924 0.246 0.2616 0.1453 0.3471
0.4998 0.5002 0.255 0.2448 0.1503 0.3499
0.5004 0.4996 0.2536 0.2468 0.1534 0.3462
0.503 0.497 0.2435 0.2595 0.1506 0.3464
0.4939 0.5061 0.2449 0.249 0.1509 0.3552
0.5066 0.4934 0.2489 0.2577 0.1483 0.3451
0.5024 0.4976 0.2539 0.2485 0.1468 0.3508
0.4976 0.5024 0.2504 0.2472 0.1524 0.35
0.4932 0.5068 0.2498 0.2434 0.1484 0.3584
0.4971 0.5029 0.248 0.2491 0.1467 0.3562
0.4966 0.5034 0.2502 0.2464 0.1497 0.3537
0.5014 0.4986 0.2562 0.2452 0.1547 0.3439
0.5009 0.4991 0.2484 0.2525 0.1526 0.3465
0.5014 0.4986 0.2499 0.2515 0.149 0.3496
0.4949 0.5051 0.2506 0.2443 0.1544 0.3507
0.5006 0.4994 0.2558 0.2448 0.1527 0.3467
0.5013 0.4987 0.2463 0.255 0.1493 0.3494
0.4989 0.5011 0.2521 0.2468 0.1516 0.3495
0.5041 0.4959 0.2511 0.253 0.1521 0.3438
0.4983 0.5017 0.2557 0.2426 0.1486 0.3531
0.4907 0.5093 0.243 0.2477 0.1554 0.3539
0.4982 0.5018 0.2467 0.2515 0.1511 0.3507
0.4978 0.5022 0.2468 0.251 0.1544 0.3478
0.5019 0.4981 0.248 0.2539 0.1497 0.3484
0.5051 0.4949 0.2535 0.2516 0.1441 0.3508
0.5014 0.4986 0.2444 0.257 0.1414 0.3572
0.4896 0.5104 0.242 0.2476 0.1495 0.3609
0.5052 0.4948 0.2554 0.2498 0.1525 0.3423
0.499 0.501 0.2476 0.2514 0.1518 0.3492
0.4984 0.5016 0.2485 0.2499 0.1512 0.3504
0.4966 0.5034 0.244 0.2526 0.148 0.3554
0.5015 0.4985 0.2475 0.254 0.1489 0.3496
0.5018 0.4982 0.2536 0.2482 0.1489 0.3493
0.5058 0.4942 0.2504 0.2554 0.1469 0.3473
0.4967 0.5033 0.2497 0.247 0.1555 0.3478
0.4984 0.5016 0.2484 0.25 0.1467 0.3549
0.498 0.502 0.2491 0.2489 0.1449 0.3571
0.5068 0.4932 0.2546 0.2522 0.1489 0.3443
0.5065 0.4935 0.253 0.2535 0.153 0.3405
0.5083 0.4917 0.2535 0.2548 0.1486 0.3431
0.4991 0.5009 0.2476 0.2515 0.1495 0.3514
0.5062 0.4938 0.2503 0.2559 0.1502 0.3436
0.4964 0.5036 0.2532 0.2432 0.1533 0.3503
0.5002 0.4998 0.254 0.2462 0.1558 0.344
0.4993 0.5007 0.2512 0.2481 0.153 0.3477
0.5034 0.4966 0.2544 0.249 0.1504 0.3462
0.5062 0.4938 0.2555 0.2507 0.1456 0.3482
0.5034 0.4966 0.2485 0.2549 0.1441 0.3525
0.4988 0.5012 0.2499 0.2489 0.1502 0.351
0.5043 0.4957 0.2548 0.2495 0.154 0.3417
0.5092 0.4908 0.2529 0.2563 0.1482 0.3426
0.5033 0.4967 0.2542 0.2491 0.1445 0.3522
0.4993 0.5007 0.2504 0.2489 0.1517 0.349
0.5001 0.4999 0.2485 0.2516 0.145 0.3549
0.4905 0.5095 0.2417 0.2488 0.1479 0.3616
0.5055 0.4945 0.2514 0.2541 0.1457 0.3488
0.4905 0.5095 0.2464 0.2441 0.1522 0.3573
0.5026 0.4974 0.2425 0.2601 0.1496 0.3478
0.4895 0.5105 0.2465 0.243 0.1573 0.3532
0.4953 0.5047 0.2438 0.2515 0.1463 0.3584
0.5044 0.4956 0.2451 0.2593 0.1472 0.3484
0.4974 0.5026 0.254 0.2434 0.1485 0.3541
0.4995 0.5005 0.2498 0.2497 0.1496 0.3509
0.4977 0.5023 0.2562 0.2415 0.151 0.3513
0.5044 0.4956 0.2546 0.2498 0.1514 0.3442
0.4982 0.5018 0.2527 0.2455 0.1532 0.3486
0.5014 0.4986 0.2516 0.2498 0.1485 0.3501
0.5047 0.4953 0.2497 0.255 0.15 0.3453
0.5009 0.4991 0.2549 0.246 0.147 0.3521
0.5052 0.4948 0.253 0.2522 0.1495 0.3453
0.5026 0.4974 0.2533 0.2493 0.1497 0.3477
0.5014 0.4986 0.2487 0.2527 0.1507 0.3479
0.4991 0.5009 0.2512 0.2479 0.1497 0.3512
0.4943 0.5057 0.2526 0.2417 0.1509 0.3548
0.495 0.505 0.2458 0.2492 0.1586 0.3464
0.4972 0.5028 0.2425 0.2547 0.1476 0.3552
0.4942 0.5058 0.2401 0.2541 0.1519 0.3539
0.4972 0.5028 0.2526 0.2446 0.1521 0.3507
0.493 0.507 0.2374 0.2556 0.1488 0.3582
0.5061 0.4939 0.2544 0.2517 0.1456 0.3483
0.4964 0.5036 0.2526 0.2438 0.1538 0.3498
0.5003 0.4997 0.2583 0.242 0.1504 0.3493
0.5053 0.4947 0.2494 0.2559 0.1489 0.3458
0.5009 0.4991 0.2453 0.2556 0.1498 0.3493
0.4947 0.5053 0.2469 0.2478 0.1513 0.354
0.4976 0.5024 0.2494 0.2482 0.1519 0.3505
0.4909 0.5091 0.2454 0.2455 0.1531 0.356
0.4971 0.5029 0.2507 0.2464 0.155 0.3479
0.4969 0.5031 0.2482 0.2487 0.1481 0.355
0.4999 0.5001 0.2457 0.2542 0.1496 0.3505
0.5036 0.4964 0.2564 0.2472 0.1492 0.3472
0.504 0.496 0.2464 0.2576 0.1527 0.3433
0.4994 0.5006 0.2436 0.2558 0.1569 0.3437
0.4944 0.5056 0.2447 0.2497 0.1525 0.3531
0.5077 0.4923 0.257 0.2507 0.1501 0.3422
0.4874 0.5126 0.2391 0.2483 0.1617 0.3509
0.5058 0.4942 0.2457 0.2601 0.1509 0.3433
0.5039 0.4961 0.2433 0.2606 0.1431 0.353
0.499 0.501 0.2514 0.2476 0.1472 0.3538
0.4997 0.5003 0.2511 0.2486 0.1532 0.3471
0.5077 0.4923 0.2526 0.2551 0.1484 0.3439
0.4958 0.5042 0.2502 0.2456 0.1498 0.3544
0.5012 0.4988 0.2512 0.25 0.1542 0.3446
0.4997 0.5003 0.2447 0.255 0.1465 0.3538
0.5005 0.4995 0.2495 0.251 0.1501 0.3494
0.4955 0.5045 0.2476 0.2479 0.1536 0.3509
0.5006 0.4994 0.2478 0.2528 0.143 0.3564
0.4973 0.5027 0.2518 0.2455 0.1531 0.3496
0.4956 0.5044 0.2508 0.2448 0.1498 0.3546
0.508 0.492 0.2561 0.2519 0.1539 0.3381
0.5038 0.4962 0.2498 0.254 0.1507 0.3455
0.5038 0.4962 0.2514 0.2524 0.1467 0.3495
0.4983 0.5017 0.2497 0.2486 0.1522 0.3495
0.499 0.501 0.2511 0.2479 0.1496 0.3514
0.5017 0.4983 0.253 0.2487 0.1472 0.3511
0.502 0.498 0.2478 0.2542 0.1463 0.3517
0.4955 0.5045 0.2533 0.2422 0.1526 0.3519
0.4942 0.5058 0.2439 0.2503 0.1537 0.3521
0.4976 0.5024 0.2494 0.2482 0.1527 0.3497
0.5055 0.4945 0.2498 0.2557 0.1521 0.3424
0.5008 0.4992 0.2514 0.2494 0.1478 0.3514
0.4992 0.5008 0.2538 0.2454 0.1494 0.3514
0.5015 0.4985 0.2548 0.2467 0.1516 0.3469
0.4981 0.5019 0.2483 0.2498 0.1484 0.3535
0.4988 0.5012 0.2494 0.2494 0.1478 0.3534
0.4945 0.5055 0.2507 0.2438 0.1577 0.3478
0.501 0.499 0.2513 0.2497 0.1499 0.3491
0.501 0.499 0.2527 0.2483 0.1505 0.3485
0.5035 0.4965 0.2495 0.254 0.1499 0.3466
0.5065 0.4935 0.2595 0.247 0.1509 0.3426
0.5023 0.4977 0.2577 0.2446 0.146 0.3517
0.4907 0.5093 0.2468 0.2439 0.1594 0.3499
0.5074 0.4926 0.2564 0.251 0.1486 0.344
0.502 0.498 0.2456 0.2564 0.1489 0.3491
0.4932 0.5068 0.2472 0.246 0.151 0.3558
0.5039 0.4961 0.25 0.2539 0.149 0.3471
0.4984 0.5016 0.2507 0.2477 0.1498 0.3518
0.5009 0.4991 0.2473 0.2536 0.1523 0.3468
0.4991 0.5009 0.2519 0.2472 0.1476 0.3533
0.4992 0.5008 0.2492 0.25 0.1506 0.3502
0.5044 0.4956 0.2552 0.2492 0.1564 0.3392
0.5087 0.4913 0.2525 0.2562 0.1527 0.3386
0.494 0.506 0.2478 0.2462 0.1513 0.3547
0.5073 0.4927 0.2508 0.2565 0.151 0.3417
0.5106 0.4894 0.2653 0.2453 0.1469 0.3425
0.5017 0.4983 0.2547 0.247 0.1499 0.3484
0.4909 0.5091 0.2413 0.2496 0.1565 0.3526
0.498 0.502 0.2545 0.2435 0.1532 0.3488
0.508 0.492 0.2566 0.2514 0.1513 0.3407
0.4965 0.5035 0.2482 0.2483 0.1498 0.3537
0.5054 0.4946 0.2494 0.256 0.1498 0.3448
0.4917 0.5083 0.2455 0.2462 0.154 0.3543
0.5029 0.4971 0.2559 0.247 0.156 0.3411
0.5004 0.4996 0.2555 0.2449 0.1486 0.351
0.5003 0.4997 0.2585 0.2418 0.1526 0.3471
0.5018 0.4982 0.2551 0.2467 0.1529 0.3453
0.4989 0.5011 0.2562 0.2427 0.1489 0.3522
0.4997 0.5003 0.2493 0.2504 0.1466 0.3537
0.5096 0.4904 0.2582 0.2514 0.152 0.3384
0.4945 0.5055 0.25 0.2445 0.1539 0.3516
0.4975 0.5025 0.2474 0.2501 0.1465 0.356
0.4965 0.5035 0.2498 0.2467 0.1457 0.3578
0.5029 0.4971 0.2445 0.2584 0.1434 0.3537
0.5059 0.4941 0.2491 0.2568 0.1558 0.3383
0.5083 0.4917 0.2508 0.2575 0.1427 0.349
0.5032 0.4968 0.2484 0.2548 0.1569 0.3399
0.4972 0.5028 0.2484 0.2488 0.1558 0.347
0.4966 0.5034 0.2486 0.248 0.1519 0.3515
0.4993 0.5007 0.2458 0.2535 0.1447 0.356
0.5088 0.4912 0.2572 0.2516 0.1457 0.3455
0.4984 0.5016 0.249 0.2494 0.1498 0.3518
0.4933 0.5067 0.2503 0.243 0.1587 0.348
0.4949 0.5051 0.2439 0.251 0.1459 0.3592
0.5051 0.4949 0.2523 0.2528 0.1471 0.3478
0.5055 0.4945 0.255 0.2505 0.15 0.3445
0.5093 0.4907 0.2557 0.2536 0.1497 0.341
0.5089 0.4911 0.2565 0.2524 0.1496 0.3415
0.5039 0.4961 0.2596 0.2443 0.151 0.3451
0.5053 0.4947 0.2486 0.2567 0.1485 0.3462
0.4999 0.5001 0.2465 0.2534 0.1446 0.3555
0.5003 0.4997 0.2551 0.2452 0.152 0.3477
0.4978 0.5022 0.2477 0.2501 0.1572 0.345
0.4915 0.5085 0.2475 0.244 0.1512 0.3573
0.4993 0.5007 0.2494 0.2499 0.1488 0.3519
0.4985 0.5015 0.2474 0.2511 0.1521 0.3494
0.4994 0.5006 0.2521 0.2473 0.1501 0.3505
0.4941 0.5059 0.2487 0.2454 0.1563 0.3496
0.4965 0.5035 0.2522 0.2443 0.1501 0.3534
0.5024 0.4976 0.2531 0.2493 0.1533 0.3443
0.4969 0.5031 0.2468 0.2501 0.1572 0.3459
0.5026 0.4974 0.2516 0.251 0.1469 0.3505
0.4959 0.5041 0.2479 0.248 0.1488 0.3553
0.4998 0.5002 0.2525 0.2473 0.1498 0.3504
0.5074 0.4926 0.2539 0.2535 0.1417 0.3509
0.5 0.5 0.2514 0.2486 0.1446 0.3554
0.4992 0.5008 0.2538 0.2454 0.1524 0.3484
0.4934 0.5066 0.2472 0.2462 0.1484 0.3582
0.501 0.499 0.2511 0.2499 0.1538 0.3452
0.4974 0.5026 0.2525 0.2449 0.1528 0.3498
0.4969 0.5031 0.2479 0.249 0.1533 0.3498
0.4982 0.5018 0.2525 0.2457 0.1476 0.3542
0.5044 0.4956 0.2516 0.2528 0.1468 0.3488
0.4949 0.5051 0.2494 0.2455 0.1516 0.3535
0.5092 0.4908 0.2551 0.2541 0.1466 0.3442
0.5066 0.4934 0.2557 0.2509 0.149 0.3444
0.5002 0.4998 0.2529 0.2473 0.153 0.3468
0.5078 0.4922 0.255 0.2528 0.1472 0.345
0.4979 0.5021 0.2457 0.2522 0.1495 0.3526
0.508 0.492 0.2573 0.2507 0.1503 0.3417
0.5102 0.4898 0.2621 0.2481 0.1478 0.342
0.4988 0.5012 0.2514 0.2474 0.1487 0.3525
0.5055 0.4945 0.2529 0.2526 0.142 0.3525
0.4974 0.5026 0.2491 0.2483 0.1492 0.3534
0.5009 0.4991 0.2502 0.2507 0.1525 0.3466
0.497 0.503 0.248 0.249 0.1517 0.3513
0.4947 0.5053 0.248 0.2467 0.1524 0.3529
0.501 0.499 0.2528 0.2482 0.1473 0.3517
0.5024 0.4976 0.249 0.2534 0.1521 0.3455
0.5043 0.4957 0.2481 0.2562 0.1507 0.345
0.5096 0.4904 0.2582 0.2514 0.1475 0.3429
0.4985 0.5015 0.2516 0.2469 0.1466 0.3549
0.5079 0.4921 0.2564 0.2515 0.1434 0.3487
0.4985 0.5015 0.2488 0.2497 0.1506 0.3509
0.51 0.49 0.2535 0.2565 0.149 0.341
0.4932 0.5068 0.2497 0.2435 0.148 0.3588
0.502 0.498 0.2508 0.2512 0.1458 0.3522
0.4987 0.5013 0.2503 0.2484 0.1541 0.3472
0.5052 0.4948 0.2536 0.2516 0.1443 0.3505
0.4945 0.5055 0.2462 0.2483 0.1563 0.3492
0.494 0.506 0.2431 0.2509 0.1519 0.3541
0.4975 0.5025 0.2462 0.2513 0.1487 0.3538
0.4908 0.5092 0.2502 0.2406 0.1507 0.3585
0.4927 0.5073 0.2538 0.2389 0.1525 0.3548
0.5057 0.4943 0.2535 0.2522 0.1479 0.3464
0.4977 0.5023 0.2497 0.248 0.1465 0.3558
0.5085 0.4915 0.2491 0.2594 0.1548 0.3367
0.4985 0.5015 0.2462 0.2523 0.1485 0.353
0.4999 0.5001 0.2471 0.2528 0.1487 0.3514
0.5005 0.4995 0.2477 0.2528 0.1507 0.3488
0.4979 0.5021 0.2468 0.2511 0.149 0.3531
0.5033 0.4967 0.2546 0.2487 0.1485 0.3482
0.4994 0.5006 0.2524 0.247 0.1529 0.3477
0.4933 0.5067 0.246 0.2473 0.152 0.3547
0.4936 0.5064 0.2492 0.2444 0.1525 0.3539
0.5014 0.4986 0.2471 0.2543 0.1504 0.3482
0.5076 0.4924 0.2571 0.2505 0.1395 0.3529
0.4967 0.5033 0.2518 0.2449 0.1499 0.3534
0.5081 0.4919 0.2528 0.2553 0.1482 0.3437
0.5015 0.4985 0.2509 0.2506 0.1514 0.3471
0.5099 0.4901 0.2565 0.2534 0.1508 0.3393
0.5084 0.4916 0.257 0.2514 0.1455 0.3461
0.4969 0.5031 0.2473 0.2496 0.1479 0.3552
0.5081 0.4919 0.2568 0.2513 0.1513 0.3406
0.4974 0.5026 0.2401 0.2573 0.153 0.3496
0.5009 0.4991 0.2457 0.2552 0.1527 0.3464
0.4987 0.5013 0.2476 0.2511 0.1511 0.3502
0.5053 0.4947 0.2518 0.2535 0.1493 0.3454
0.5027 0.4973 0.2539 0.2488 0.1462 0.3511
0.5001 0.4999 0.2466 0.2535 0.1513 0.3486
0.5005 0.4995 0.2495 0.251 0.1484 0.3511
0.5046 0.4954 0.257 0.2476 0.1509 0.3445
0.5082 0.4918 0.2569 0.2513 0.1495 0.3423
0.5045 0.4955 0.2592 0.2453 0.1514 0.3441
0.5063 0.4937 0.2442 0.2621 0.1459 0.3478
0.5063 0.4937 0.2564 0.2499 0.1451 0.3486
0.5012 0.4988 0.2501 0.2511 0.1496 0.3492
0.493 0.507 0.2454 0.2476 0.1443 0.3627
0.4901 0.5099 0.2426 0.2475 0.1524 0.3575
0.5018 0.4982 0.2504 0.2514 0.152 0.3462
0.4991 0.5009 0.2471 0.252 0.1534 0.3475
0.5021 0.4979 0.2525 0.2496 0.1468 0.3511
0.4998 0.5002 0.2513 0.2485 0.149 0.3512
0.5078 0.4922 0.2615 0.2463 0.1391 0.3531
0.4904 0.5096 0.2424 0.248 0.1439 0.3657
0.4899 0.5101 0.2453 0.2446 0.1515 0.3586
0.5023 0.4977 0.242 0.2603 0.1548 0.3429
0.5093 0.4907 0.2503 0.259 0.1503 0.3404
0.506 0.494 0.2438 0.2622 0.1542 0.3398
0.4972 0.5028 0.2436 0.2536 0.148 0.3548
0.4976 0.5024 0.2487 0.2489 0.1446 0.3578
0.497 0.503 0.2433 0.2537 0.153 0.35
0.5056 0.4944 0.2538 0.2518 0.1452 0.3492
0.5028 0.4972 0.2444 0.2584 0.1444 0.3528
0.5039 0.4961 0.2566 0.2473 0.1564 0.3397
0.4901 0.5099 0.2504 0.2397 0.1609 0.349
0.4916 0.5084 0.244 0.2476 0.1456 0.3628
0.5048 0.4952 0.2513 0.2535 0.1434 0.3518
0.5008 0.4992 0.2425 0.2583 0.1464 0.3528
0.4956 0.5044 0.2515 0.2441 0.15 0.3544
0.4945 0.5055 0.2508 0.2437 0.1467 0.3588
0.5029 0.4971 0.2495 0.2534 0.1466 0.3505
0.4994 0.5006 0.2477 0.2517 0.1518 0.3488
0.4993 0.5007 0.247 0.2523 0.1534 0.3473
0.497 0.503 0.2492 0.2478 0.1469 0.3561
0.4951 0.5049 0.2379 0.2572 0.1501 0.3548
0.5026 0.4974 0.2535 0.2491 0.1491 0.3483
0.4952 0.5048 0.2431 0.2521 0.153 0.3518
0.5006 0.4994 0.2493 0.2513 0.1501 0.3493
0.4892 0.5108 0.2415 0.2477 0.1567 0.3541
0.4991 0.5009 0.2489 0.2502 0.1518 0.3491
0.4989 0.5011 0.2487 0.2502 0.1504 0.3507
0.5039 0.4961 0.2463 0.2576 0.1498 0.3463
0.5039 0.4961 0.248 0.2559 0.146 0.3501
0.4969 0.5031 0.2465 0.2504 0.1527 0.3504
0.4966 0.5034 0.2415 0.2551 0.1565 0.3469
0.4923 0.5077 0.2473 0.245 0.1562 0.3515
0.5059 0.4941 0.2552 0.2507 0.1397 0.3544
0.4974 0.5026 0.2479 0.2495 0.1557 0.3469
0.4889 0.5111 0.2432 0.2457 0.1566 0.3545
0.5095 0.4905 0.2527 0.2568 0.1548 0.3357
0.4996 0.5004 0.2484 0.2512 0.1563 0.3441
0.508 0.492 0.2555 0.2525 0.1528 0.3392
0.5071 0.4929 0.2575 0.2496 0.1462 0.3467
0.4997 0.5003 0.2464 0.2533 0.148 0.3523
0.4969 0.5031 0.247 0.2499 0.153 0.3501
0.4925 0.5075 0.2426 0.2499 0.1584 0.3491
0.4978 0.5022 0.2468 0.251 0.1544 0.3478
0.4922 0.5078 0.2522 0.24 0.1568 0.351
0.4997 0.5003 0.251 0.2487 0.1507 0.3496
0.4956 0.5044 0.2508 0.2448 0.1529 0.3515
0.5008 0.4992 0.2535 0.2473 0.149 0.3502
0.5082 0.4918 0.2575 0.2507 0.1432 0.3486
0.4956 0.5044 0.2499 0.2457 0.1569 0.3475
0.4995 0.5005 0.2381 0.2614 0.1468 0.3537
0.495 0.505 0.2451 0.2499 0.1542 0.3508
0.5032 0.4968 0.2487 0.2545 0.1528 0.344
0.5049 0.4951 0.2477 0.2572 0.1466 0.3485
0.5087 0.4913 0.2557 0.253 0.1508 0.3405
0.5043 0.4957 0.2484 0.2559 0.1513 0.3444
0.5002 0.4998 0.2506 0.2496 0.1532 0.3466
0.4889 0.5111 0.2425 0.2464 0.1569 0.3542
0.4997 0.5003 0.2497 0.25 0.1584 0.3419
0.5025 0.4975 0.2539 0.2486 0.1464 0.3511
0.4931 0.5069 0.2499 0.2432 0.1546 0.3523
0.5053 0.4947 0.2515 0.2538 0.1514 0.3433
0.5002 0.4998 0.2483 0.2519 0.1549 0.3449
0.4964 0.5036 0.2505 0.2459 0.1517 0.3519
0.5055 0.4945 0.2552 0.2503 0.1427 0.3518
0.5144 0.4856 0.2557 0.2587 0.1477 0.3379
0.4996 0.5004 0.2489 0.2507 0.1539 0.3465
0.4944 0.5056 0.2505 0.2439 0.1446 0.361
0.5034 0.4966 0.2518 0.2516 0.1503 0.3463
0.501 0.499 0.2542 0.2468 0.1507 0.3483
0.499 0.501 0.2528 0.2462 0.1469 0.3541
0.495 0.505 0.2484 0.2466 0.15 0.355
0.4952 0.5048 0.2497 0.2455 0.1504 0.3544
0.4963 0.5037 0.2472 0.2491 0.154 0.3497
0.4984 0.5016 0.2524 0.246 0.1498 0.3518
0.508 0.492 0.252 0.256 0.1462 0.3458
0.5095 0.4905 0.2558 0.2537 0.1426 0.3479
0.4963 0.5037 0.2504 0.2459 0.1504 0.3533
0.5045 0.4955 0.2568 0.2477 0.15 0.3455
0.5019 0.4981 0.25 0.2519 0.1504 0.3477
0.4965 0.5035 0.2483 0.2482 0.1531 0.3504
0.501 0.499 0.2552 0.2458 0.1446 0.3544
0.5023 0.4977 0.2494 0.2529 0.1431 0.3546
0.4904 0.5096 0.2512 0.2392 0.1525 0.3571
0.498 0.502 0.2517 0.2463 0.1468 0.3552
0.5012 0.4988 0.2459 0.2553 0.1418 0.357
0.5075 0.4925 0.2524 0.2551 0.147 0.3455
0.5026 0.4974 0.2435 0.2591 0.1523 0.3451
0.501 0.499 0.2494 0.2516 0.1453 0.3537
0.4971 0.5029 0.2465 0.2506 0.1495 0.3534
0.4963 0.5037 0.2525 0.2438 0.1509 0.3528
0.5027 0.4973 0.2514 0.2513 0.1512 0.3461
0.499 0.501 0.2481 0.2509 0.1487 0.3523
0.4939 0.5061 0.2444 0.2495 0.1555 0.3506
0.5035 0.4965 0.2464 0.2571 0.1509 0.3456
0.5031 0.4969 0.2519 0.2512 0.1504 0.3465
0.4981 0.5019 0.2463 0.2518 0.1488 0.3531
0.5059 0.4941 0.2495 0.2564 0.1501 0.344
0.5004 0.4996 0.2502 0.2502 0.1504 0.3492
0.4975 0.5025 0.2419 0.2556 0.1469 0.3556
0.4992 0.5008 0.2503 0.2489 0.1551 0.3457
0.4915 0.5085 0.2407 0.2508 0.148 0.3605
0.4968 0.5032 0.2465 0.2503 0.1586 0.3446
0.5003 0.4997 0.2507 0.2496 0.15 0.3497
0.4924 0.5076 0.248 0.2444 0.1503 0.3573
0.4982 0.5018 0.2501 0.2481 0.1557 0.3461
0.5001 0.4999 0.2513 0.2488 0.1449 0.355
0.503 0.497 0.2508 0.2522 0.148 0.349
0.5059 0.4941 0.242 0.2639 0.1467 0.3474
0.5052 0.4948 0.2503 0.2549 0.1446 0.3502
0.5 0.5 0.2499 0.2501 0.1478 0.3522
0.4927 0.5073 0.2429 0.2498 0.1553 0.352
0.5112 0.4888 0.2497 0.2615 0.1515 0.3373
0.4899 0.5101 0.2478 0.2421 0.1449 0.3652
0.4976 0.5024 0.2449 0.2527 0.1518 0.3506
0.5001 0.4999 0.254 0.2461 0.1523 0.3476
0.4926 0.5074 0.2451 0.2475 0.1483 0.3591
0.5035 0.4965 0.2524 0.2511 0.1458 0.3507
0.5029 0.4971 0.2517 0.2512 0.1541 0.343
0.5034 0.4966 0.2559 0.2475 0.1551 0.3415
0.4899 0.5101 0.2429 0.247 0.1496 0.3605
0.4977 0.5023 0.2474 0.2503 0.1503 0.352
0.499 0.501 0.2493 0.2497 0.155 0.346
0.4965 0.5035 0.2533 0.2432 0.1484 0.3551
0.4988 0.5012 0.2502 0.2486 0.1507 0.3505
0.4997 0.5003 0.2456 0.2541 0.1511 0.3492
0.5025 0.4975 0.252 0.2505 0.1493 0.3482
0.4977 0.5023 0.2458 0.2519 0.1484 0.3539
0.5052 0.4948 0.2559 0.2493 0.1453 0.3495
0.5078 0.4922 0.2586 0.2492 0.1473 0.3449
0.4996 0.5004 0.2464 0.2532 0.1501 0.3503
0.5043 0.4957 0.2471 0.2572 0.1558 0.3399
0.4972 0.5028 0.2527 0.2445 0.1517 0.3511
0.4956 0.5044 0.245 0.2506 0.1533 0.3511
0.5089 0.4911 0.259 0.2499 0.1515 0.3396
0.4997 0.5003 0.2471 0.2526 0.1488 0.3515
0.5033 0.4967 0.2502 0.2531 0.1469 0.3498
0.5061 0.4939 0.249 0.2571 0.1523 0.3416
0.5022 0.4978 0.2515 0.2507 0.1514 0.3464
0.4954 0.5046 0.2505 0.2449 0.151 0.3536
0.4961 0.5039 0.2476 0.2485 0.1538 0.3501
0.501 0.499 0.2449 0.2561 0.1488 0.3502
0.499 0.501 0.2472 0.2518 0.1498 0.3512
0.4988 0.5012 0.2492 0.2496 0.1535 0.3477
0.5056 0.4944 0.2467 0.2589 0.1523 0.3421
0.5001 0.4999 0.2489 0.2512 0.1499 0.35
0.4959 0.5041 0.2433 0.2526 0.1506 0.3535
0.498 0.502 0.2477 0.2503 0.1499 0.3521
0.5015 0.4985 0.2515 0.25 0.1541 0.3444
0.495 0.505 0.25 0.245 0.1512 0.3538
0.4944 0.5056 0.2423 0.2521 0.1447 0.3609
0.499 0.501 0.2491 0.2499 0.1501 0.3509
0.4966 0.5034 0.246 0.2506 0.1482 0.3552
0.499 0.501 0.2455 0.2535 0.1546 0.3464
0.4953 0.5047 0.2475 0.2478 0.1502 0.3545
0.5009 0.4991 0.2522 0.2487 0.1493 0.3498
0.51 0.49 0.2498 0.2602 0.1427 0.3473
0.4955 0.5045 0.242 0.2535 0.148 0.3565
0.4986 0.5014 0.2452 0.2534 0.1501 0.3513
0.495 0.505 0.2506 0.2444 0.1556 0.3494
0.5047 0.4953 0.2559 0.2488 0.1505 0.3448
0.4998 0.5002 0.2442 0.2556 0.1497 0.3505
0.5085 0.4915 0.2572 0.2513 0.1513 0.3402
0.4919 0.5081 0.2468 0.2451 0.1473 0.3608
0.501 0.499 0.2506 0.2504 0.1533 0.3457
0.4982 0.5018 0.2523 0.2459 0.1544 0.3474
0.4971 0.5029 0.2506 0.2465 0.1552 0.3477
0.5081 0.4919 0.2554 0.2527 0.149 0.3429
0.493 0.507 0.2506 0.2424 0.1552 0.3518
0.5017 0.4983 0.2562 0.2455 0.1535 0.3448
0.5125 0.4875 0.2573 0.2552 0.1433 0.3442
0.5101 0.4899 0.2568 0.2533 0.1391 0.3508
0.4928 0.5072 0.2496 0.2432 0.1488 0.3584
0.4976 0.5024 0.2516 0.246 0.1441 0.3583
0.498 0.502 0.2492 0.2488 0.152 0.35
0.5068 0.4932 0.2584 0.2484 0.1472 0.346
0.4978 0.5022 0.2472 0.2506 0.1402 0.362
0.4938 0.5062 0.2456 0.2482 0.1517 0.3545
0.4978 0.5022 0.2507 0.2471 0.1515 0.3507
0.5044 0.4956 0.2597 0.2447 0.1523 0.3433
0.4977 0.5023 0.2466 0.2511 0.1504 0.3519
0.4989 0.5011 0.246 0.2529 0.1501 0.351
0.5047 0.4953 0.2481 0.2566 0.1516 0.3437
0.5076 0.4924 0.2548 0.2528 0.1456 0.3468
0.496 0.504 0.2517 0.2443 0.1495 0.3545
0.5002 0.4998 0.2523 0.2479 0.1521 0.3477
0.4996 0.5004 0.2567 0.2429 0.1499 0.3505
0.5018 0.4982 0.2556 0.2462 0.1498 0.3484
0.5064 0.4936 0.2535 0.2529 0.1488 0.3448
0.507 0.493 0.2503 0.2567 0.1554 0.3376
0.4999 0.5001 0.2478 0.2521 0.1537 0.3464
0.5015 0.4985 0.2523 0.2492 0.1525 0.346
0.4994 0.5006 0.2457 0.2537 0.1536 0.347
0.5058 0.4942 0.2487 0.2571 0.1451 0.3491
0.4994 0.5006 0.2485 0.2509 0.1438 0.3568
0.5056 0.4944 0.2531 0.2525 0.1457 0.3487
0.4964 0.5036 0.2439 0.2525 0.1495 0.3541
0.4964 0.5036 0.2461 0.2503 0.1519 0.3517
0.4885 0.5115 0.2415 0.247 0.1551 0.3564
0.5009 0.4991 0.2531 0.2478 0.146 0.3531
0.4993 0.5007 0.2463 0.253 0.1486 0.3521
0.5032 0.4968 0.2549 0.2483 0.1532 0.3436
0.5012 0.4988 0.2481 0.2531 0.1485 0.3503
0.5003 0.4997 0.2494 0.2509 0.1505 0.3492
0.5099 0.4901 0.247 0.2629 0.1446 0.3455
0.4991 0.5009 0.2454 0.2537 0.1463 0.3546
0.5022 0.4978 0.2516 0.2506 0.1473 0.3505
0.5055 0.4945 0.2516 0.2539 0.1534 0.3411
0.5006 0.4994 0.2498 0.2508 0.1476 0.3518
0.4975 0.5025 0.2473 0.2502 0.1508 0.3517
0.4945 0.5055 0.2481 0.2464 0.147 0.3585
0.4958 0.5042 0.2445 0.2513 0.1479 0.3563
0.5148 0.4852 0.2581 0.2567 0.1449 0.3403
0.499 0.501 0.2524 0.2466 0.1486 0.3524
0.4966 0.5034 0.2456 0.251 0.1524 0.351
0.4967 0.5033 0.2462 0.2505 0.1516 0.3517
0.5038 0.4962 0.2519 0.2519 0.1473 0.3489
0.5036 0.4964 0.2482 0.2554 0.1511 0.3453
0.4897 0.5103 0.2516 0.2381 0.1526 0.3577
0.5082 0.4918 0.2529 0.2553 0.1466 0.3452
0.5012 0.4988 0.2552 0.246 0.147 0.3518
0.501 0.499 0.2511 0.2499 0.1467 0.3523
0.4934 0.5066 0.2506 0.2428 0.1557 0.3509
0.5047 0.4953 0.2544 0.2503 0.1495 0.3458
0.4977 0.5023 0.2385 0.2592 0.1545 0.3478
0.5001 0.4999 0.2486 0.2515 0.1477 0.3522
0.5029 0.4971 0.2477 0.2552 0.1459 0.3512
0.5003 0.4997 0.2443 0.256 0.1513 0.3484
0.4981 0.5019 0.2438 0.2543 0.1529 0.349
0.497 0.503 0.2543 0.2427 0.1408 0.3622
0.5049 0.4951 0.2543 0.2506 0.1473 0.3478
0.5058 0.4942 0.2589 0.2469 0.1453 0.3489
0.4992 0.5008 0.247 0.2522 0.1556 0.3452
0.4938 0.5062 0.2488 0.245 0.1469 0.3593
0.5027 0.4973 0.2526 0.2501 0.1534 0.3439
0.489 0.511 0.2464 0.2426 0.1564 0.3546
0.4966 0.5034 0.2448 0.2518 0.1515 0.3519
0.4963 0.5037 0.251 0.2453 0.1526 0.3511
0.4923 0.5077 0.2463 0.246 0.1575 0.3502
0.4989 0.5011 0.2566 0.2423 0.1458 0.3553
0.5017 0.4983 0.2506 0.2511 0.1462 0.3521
0.4996 0.5004 0.246 0.2536 0.1521 0.3483
0.4971 0.5029 0.2524 0.2447 0.1553 0.3476
0.4975 0.5025 0.2458 0.2517 0.148 0.3545
0.4984 0.5016 0.2479 0.2505 0.1444 0.3572
0.5016 0.4984 0.2503 0.2513 0.1447 0.3537
0.5058 0.4942 0.2475 0.2583 0.1481 0.3461
0.5033 0.4967 0.2508 0.2525 0.1528 0.3439
0.5041 0.4959 0.2413 0.2628 0.1543 0.3416
0.498 0.502 0.2466 0.2514 0.1481 0.3539
0.5051 0.4949 0.2548 0.2503 0.1503 0.3446
0.4956 0.5044 0.2473 0.2483 0.1562 0.3482
0.501 0.499 0.2476 0.2534 0.1528 0.3462
0.5072 0.4928 0.2592 0.248 0.1476 0.3452
0.4982 0.5018 0.2498 0.2484 0.1533 0.3485
0.4998 0.5002 0.251 0.2488 0.1532 0.347
0.4999 0.5001 0.2511 0.2488 0.1547 0.3454
0.5061 0.4939 0.2519 0.2542 0.1513 0.3426
0.5048 0.4952 0.2529 0.2519 0.1437 0.3515
0.4973 0.5027 0.247 0.2503 0.1526 0.3501
0.495 0.505 0.2458 0.2492 0.1493 0.3557
0.5046 0.4954 0.2521 0.2525 0.1515 0.3439
0.5051 0.4949 0.2598 0.2453 0.1496 0.3453
