0.5024 0.4976 0.2482 0.2542 0.1764 0.3212
0.5043 0.4957 0.2606 0.2437 0.1776 0.3181
0.4864 0.5136 0.2417 0.2447 0.1839 0.3297
0.4919 0.5081 0.2408 0.2511 0.1769 0.3312
0.4999 0.5001 0.2476 0.2523 0.175 0.3251
0.4972 0.5028 0.2513 0.2459 0.1736 0.3292
0.5 0.5 0.248 0.252 0.1779 0.3221
0.4931 0.5069 0.2483 0.2448 0.1777 0.3292
0.4971 0.5029 0.2453 0.2518 0.1779 0.325
0.496 0.504 0.2436 0.2524 0.1734 0.3306
0.5038 0.4962 0.2469 0.2569 0.1763 0.3199
0.4966 0.5034 0.2424 0.2542 0.1745 0.3289
0.502 0.498 0.259 0.243 0.1697 0.3283
0.5003 0.4997 0.2477 0.2526 0.1772 0.3225
0.5008 0.4992 0.2541 0.2467 0.1755 0.3237
0.5011 0.4989 0.2529 0.2482 0.179 0.3199
0.493 0.507 0.2438 0.2492 0.1765 0.3305
0.4982 0.5018 0.2484 0.2498 0.1743 0.3275
0.5014 0.4986 0.2525 0.2489 0.1769 0.3217
0.4967 0.5033 0.2524 0.2443 0.177 0.3263
0.4987 0.5013 0.2472 0.2515 0.1773 0.324
0.492 0.508 0.2475 0.2445 0.1811 0.3269
0.5006 0.4994 0.2504 0.2502 0.1756 0.3238
0.5091 0.4909 0.262 0.2471 0.1762 0.3147
0.5048 0.4952 0.2504 0.2544 0.1824 0.3128
0.5086 0.4914 0.2557 0.2529 0.1667 0.3247
0.5084 0.4916 0.2602 0.2482 0.1724 0.3192
0.5029 0.4971 0.2523 0.2506 0.1707 0.3264
0.5041 0.4959 0.2548 0.2493 0.1675 0.3284
0.5009 0.4991 0.2545 0.2464 0.1778 0.3213
0.5008 0.4992 0.2488 0.252 0.1773 0.3219
0.5015 0.4985 0.2438 0.2577 0.1746 0.3239
0.4995 0.5005 0.2387 0.2608 0.1829 0.3176
0.4968 0.5032 0.2466 0.2502 0.1745 0.3287
0.4984 0.5016 0.247 0.2514 0.168 0.3336
0.4981 0.5019 0.2495 0.2486 0.1725 0.3294
0.4947 0.5053 0.2423 0.2524 0.1768 0.3285
0.4972 0.5028 0.2495 0.2477 0.1758 0.327
0.4945 0.5055 0.2471 0.2474 0.1784 0.3271
0.492 0.508 0.2431 0.2489 0.183 0.325
0.5008 0.4992 0.2569 0.2439 0.1747 0.3245
0.4964 0.5036 0.2519 0.2445 0.1828 0.3208
0.4938 0.5062 0.2406 0.2532 0.177 0.3292
0.5024 0.4976 0.2492 0.2532 0.1752 0.3224
0.5001 0.4999 0.2457 0.2544 0.1716 0.3283
0.5028 0.4972 0.251 0.2518 0.1697 0.3275
0.4973 0.5027 0.2429 0.2544 0.1799 0.3228
0.4971 0.5029 0.2459 0.2512 0.1727 0.3302
0.4962 0.5038 0.2485 0.2477 0.1792 0.3246
0.5059 0.4941 0.2583 0.2476 0.1726 0.3215
0.4983 0.5017 0.2478 0.2505 0.1768 0.3249
0.506 0.494 0.2511 0.2549 0.1747 0.3193
0.5045 0.4955 0.2525 0.252 0.1754 0.3201
0.4921 0.5079 0.244 0.2481 0.1727 0.3352
0.5136 0.4864 0.2557 0.2579 0.1673 0.3191
0.4924 0.5076 0.2422 0.2502 0.1805 0.3271
0.4999 0.5001 0.2498 0.2501 0.1729 0.3272
0.5033 0.4967 0.2599 0.2434 0.174 0.3227
0.4995 0.5005 0.2511 0.2484 0.1726 0.3279
0.504 0.496 0.2513 0.2527 0.1819 0.3141
0.4946 0.5054 0.2484 0.2462 0.1759 0.3295
0.5001 0.4999 0.2478 0.2523 0.1728 0.3271
0.5004 0.4996 0.2546 0.2458 0.1775 0.3221
0.4956 0.5044 0.2448 0.2508 0.1714 0.333
0.5034 0.4966 0.2515 0.2519 0.1779 0.3187
0.4948 0.5052 0.2496 0.2452 0.179 0.3262
0.5073 0.4927 0.2566 0.2507 0.1683 0.3244
0.5022 0.4978 0.2513 0.2509 0.1679 0.3299
0.4918 0.5082 0.2506 0.2412 0.1729 0.3353
0.4992 0.5008 0.2484 0.2508 0.1709 0.3299
0.4992 0.5008 0.2502 0.249 0.1751 0.3257
0.4985 0.5015 0.2427 0.2558 0.1745 0.327
0.4968 0.5032 0.2444 0.2524 0.1753 0.3279
0.5027 0.4973 0.2566 0.2461 0.1677 0.3296
0.4986 0.5014 0.2495 0.2491 0.1762 0.3252
0.4908 0.5092 0.2421 0.2487 0.182 0.3272
0.4944 0.5056 0.2433 0.2511 0.1749 0.3307
0.5052 0.4948 0.2498 0.2554 0.1702 0.3246
0.4979 0.5021 0.2528 0.2451 0.1785 0.3236
0.5015 0.4985 0.2495 0.252 0.169 0.3295
0.4958 0.5042 0.2456 0.2502 0.1758 0.3284
0.5035 0.4965 0.254 0.2495 0.1717 0.3248
0.5016 0.4984 0.2497 0.2519 0.1735 0.3249
0.4994 0.5006 0.251 0.2484 0.1765 0.3241
0.5001 0.4999 0.25 0.2501 0.1737 0.3262
0.4909 0.5091 0.2417 0.2492 0.1888 0.3203
0.4952 0.5048 0.2455 0.2497 0.1792 0.3256
0.505 0.495 0.2408 0.2642 0.1768 0.3182
0.4951 0.5049 0.2484 0.2467 0.1744 0.3305
0.4977 0.5023 0.251 0.2467 0.1714 0.3309
0.4972 0.5028 0.2518 0.2454 0.1733 0.3295
0.5114 0.4886 0.2487 0.2627 0.1683 0.3203
0.4949 0.5051 0.2471 0.2478 0.1752 0.3299
0.5015 0.4985 0.254 0.2475 0.1741 0.3244
0.4932 0.5068 0.2414 0.2518 0.1781 0.3287
0.4924 0.5076 0.2509 0.2415 0.1761 0.3315
0.5027 0.4973 0.2484 0.2543 0.1817 0.3156
0.5006 0.4994 0.2502 0.2504 0.1757 0.3237
0.5005 0.4995 0.2441 0.2564 0.1773 0.3222
0.5059 0.4941 0.2525 0.2534 0.166 0.3281
0.4956 0.5044 0.2441 0.2515 0.176 0.3284
0.5001 0.4999 0.2493 0.2508 0.175 0.3249
0.506 0.494 0.2558 0.2502 0.1684 0.3256
0.5046 0.4954 0.2484 0.2562 0.1747 0.3207
0.4986 0.5014 0.2481 0.2505 0.1766 0.3248
0.5035 0.4965 0.2606 0.2429 0.174 0.3225
0.5091 0.4909 0.2548 0.2543 0.1785 0.3124
0.4999 0.5001 0.2472 0.2527 0.171 0.3291
0.4997 0.5003 0.2498 0.2499 0.1769 0.3234
0.4978 0.5022 0.2484 0.2494 0.1724 0.3298
0.5076 0.4924 0.257 0.2506 0.1741 0.3183
0.4999 0.5001 0.2518 0.2481 0.1823 0.3178
0.494 0.506 0.2485 0.2455 0.1709 0.3351
0.4968 0.5032 0.2479 0.2489 0.1743 0.3289
0.4978 0.5022 0.2487 0.2491 0.1724 0.3298
0.4999 0.5001 0.2477 0.2522 0.1723 0.3278
0.4983 0.5017 0.2465 0.2518 0.1788 0.3229
0.4932 0.5068 0.2439 0.2493 0.1791 0.3277
0.5046 0.4954 0.2533 0.2513 0.1763 0.3191
0.5 0.5 0.2468 0.2532 0.179 0.321
0.4974 0.5026 0.2448 0.2526 0.1715 0.3311
0.5047 0.4953 0.2493 0.2554 0.178 0.3173
0.4914 0.5086 0.2418 0.2496 0.1749 0.3337
0.4959 0.5041 0.2454 0.2505 0.1813 0.3228
0.4953 0.5047 0.2533 0.242 0.1786 0.3261
0.5003 0.4997 0.254 0.2463 0.1808 0.3189
0.4987 0.5013 0.2471 0.2516 0.1825 0.3188
0.4969 0.5031 0.2506 0.2463 0.1753 0.3278
0.5062 0.4938 0.2494 0.2568 0.1723 0.3215
0.4984 0.5016 0.2518 0.2466 0.1781 0.3235
0.4968 0.5032 0.2479 0.2489 0.1753 0.3279
0.4989 0.5011 0.2512 0.2477 0.1789 0.3222
0.4991 0.5009 0.2556 0.2435 0.1734 0.3275
0.494 0.506 0.2444 0.2496 0.1728 0.3332
0.5068 0.4932 0.2569 0.2499 0.1703 0.3229
0.504 0.496 0.2536 0.2504 0.1738 0.3222
0.5023 0.4977 0.2497 0.2526 0.17 0.3277
0.5039 0.4961 0.2564 0.2475 0.1741 0.322
0.4992 0.5008 0.2522 0.247 0.1769 0.3239
0.5093 0.4907 0.2537 0.2556 0.1688 0.3219
0.5036 0.4964 0.2487 0.2549 0.1725 0.3239
0.4995 0.5005 0.2498 0.2497 0.1799 0.3206
0.5057 0.4943 0.253 0.2527 0.1774 0.3169
0.5091 0.4909 0.2615 0.2476 0.1762 0.3147
0.4998 0.5002 0.2465 0.2533 0.1689 0.3313
0.4948 0.5052 0.2529 0.2419 0.1712 0.334
0.4978 0.5022 0.247 0.2508 0.1804 0.3218
0.5014 0.4986 0.2536 0.2478 0.1693 0.3293
0.5023 0.4977 0.2483 0.254 0.1742 0.3235
0.4997 0.5003 0.2468 0.2529 0.1784 0.3219
0.5051 0.4949 0.2522 0.2529 0.1724 0.3225
0.4925 0.5075 0.2476 0.2449 0.1775 0.33
0.498 0.502 0.2548 0.2432 0.1766 0.3254
0.5002 0.4998 0.2479 0.2523 0.1693 0.3305
0.4995 0.5005 0.2523 0.2472 0.1736 0.3269
0.4976 0.5024 0.2526 0.245 0.1736 0.3288
0.4962 0.5038 0.2508 0.2454 0.1755 0.3283
0.4962 0.5038 0.251 0.2452 0.1711 0.3327
0.4964 0.5036 0.2476 0.2488 0.1695 0.3341
0.4986 0.5014 0.2501 0.2485 0.1776 0.3238
0.5036 0.4964 0.2479 0.2557 0.1749 0.3215
0.4991 0.5009 0.2519 0.2472 0.1745 0.3264
0.5004 0.4996 0.2493 0.2511 0.1677 0.3319
0.4975 0.5025 0.2457 0.2518 0.1715 0.331
0.5018 0.4982 0.2484 0.2534 0.1714 0.3268
0.5051 0.4949 0.2529 0.2522 0.1739 0.321
0.5055 0.4945 0.2499 0.2556 0.1778 0.3167
0.511 0.489 0.2538 0.2572 0.1745 0.3145
0.5058 0.4942 0.2538 0.252 0.1721 0.3221
0.5076 0.4924 0.2489 0.2587 0.1718 0.3206
0.5006 0.4994 0.251 0.2496 0.1709 0.3285
0.4993 0.5007 0.2552 0.2441 0.1729 0.3278
0.5006 0.4994 0.2554 0.2452 0.1691 0.3303
0.5012 0.4988 0.2498 0.2514 0.1784 0.3204
0.5003 0.4997 0.2466 0.2537 0.1735 0.3262
0.5063 0.4937 0.254 0.2523 0.1748 0.3189
0.4936 0.5064 0.2505 0.2431 0.1804 0.326
0.4989 0.5011 0.2388 0.2601 0.1746 0.3265
0.5044 0.4956 0.2539 0.2505 0.1691 0.3265
0.4978 0.5022 0.2527 0.2451 0.1741 0.3281
0.5048 0.4952 0.2577 0.2471 0.1764 0.3188
0.5076 0.4924 0.2551 0.2525 0.1714 0.321
0.4978 0.5022 0.2465 0.2513 0.1791 0.3231
0.4997 0.5003 0.2472 0.2525 0.1722 0.3281
0.5044 0.4956 0.2539 0.2505 0.1768 0.3188
0.5003 0.4997 0.2515 0.2488 0.1767 0.323
0.5071 0.4929 0.2545 0.2526 0.1777 0.3152
0.4945 0.5055 0.2456 0.2489 0.1796 0.3259
0.4987 0.5013 0.2482 0.2505 0.1754 0.3259
0.5054 0.4946 0.2568 0.2486 0.1687 0.3259
0.5024 0.4976 0.262 0.2404 0.1804 0.3172
0.4994 0.5006 0.2499 0.2495 0.1754 0.3252
0.503 0.497 0.2497 0.2533 0.1727 0.3243
0.5095 0.4905 0.2574 0.2521 0.1788 0.3117
0.5069 0.4931 0.2545 0.2524 0.1635 0.3296
0.4982 0.5018 0.2547 0.2435 0.1747 0.3271
0.5013 0.4987 0.2422 0.2591 0.1737 0.325
0.4983 0.5017 0.2528 0.2455 0.1776 0.3241
0.503 0.497 0.2568 0.2462 0.1767 0.3203
0.5054 0.4946 0.2558 0.2496 0.1723 0.3223
0.4963 0.5037 0.2486 0.2477 0.1758 0.3279
0.4909 0.5091 0.2414 0.2495 0.1766 0.3325
0.5045 0.4955 0.2605 0.244 0.1759 0.3196
0.5105 0.4895 0.2556 0.2549 0.1696 0.3199
0.5018 0.4982 0.2452 0.2566 0.1735 0.3247
0.4988 0.5012 0.2478 0.251 0.175 0.3262
0.4984 0.5016 0.2508 0.2476 0.1759 0.3257
0.5084 0.4916 0.2561 0.2523 0.175 0.3166
0.4972 0.5028 0.2478 0.2494 0.1759 0.3269
0.5121 0.4879 0.2522 0.2599 0.1705 0.3174
0.5009 0.4991 0.25 0.2509 0.1768 0.3223
0.4919 0.5081 0.2446 0.2473 0.1763 0.3318
0.51 0.49 0.2488 0.2612 0.1695 0.3205
0.5015 0.4985 0.2517 0.2498 0.1722 0.3263
0.5054 0.4946 0.2507 0.2547 0.1732 0.3214
0.498 0.502 0.2452 0.2528 0.1766 0.3254
0.4971 0.5029 0.248 0.2491 0.171 0.3319
0.4977 0.5023 0.2527 0.245 0.1774 0.3249
0.5006 0.4994 0.2522 0.2484 0.1772 0.3222
0.5014 0.4986 0.2512 0.2502 0.1752 0.3234
0.5021 0.4979 0.2517 0.2504 0.1777 0.3202
0.4998 0.5002 0.249 0.2508 0.1722 0.328
0.4927 0.5073 0.2472 0.2455 0.174 0.3333
0.5011 0.4989 0.2535 0.2476 0.1743 0.3246
0.497 0.503 0.2545 0.2425 0.1745 0.3285
0.5019 0.4981 0.2559 0.246 0.1802 0.3179
0.4999 0.5001 0.2502 0.2497 0.1742 0.3259
0.5007 0.4993 0.2448 0.2559 0.1765 0.3228
0.4916 0.5084 0.2398 0.2518 0.178 0.3304
0.5028 0.4972 0.2474 0.2554 0.1741 0.3231
0.5003 0.4997 0.2487 0.2516 0.1744 0.3253
0.501 0.499 0.2521 0.2489 0.1721 0.3269
0.5016 0.4984 0.2471 0.2545 0.1727 0.3257
0.4959 0.5041 0.2484 0.2475 0.1719 0.3322
0.5034 0.4966 0.2436 0.2598 0.1714 0.3252
0.5058 0.4942 0.2497 0.2561 0.1699 0.3243
0.4938 0.5062 0.2468 0.247 0.1815 0.3247
0.5011 0.4989 0.2448 0.2563 0.1709 0.328
0.502 0.498 0.2509 0.2511 0.1694 0.3286
0.4942 0.5058 0.2484 0.2458 0.1785 0.3273
0.4924 0.5076 0.2521 0.2403 0.175 0.3326
0.4981 0.5019 0.2484 0.2497 0.1773 0.3246
0.5028 0.4972 0.2503 0.2525 0.1692 0.328
0.497 0.503 0.2443 0.2527 0.1772 0.3258
0.5019 0.4981 0.2545 0.2474 0.1678 0.3303
0.5021 0.4979 0.2575 0.2446 0.1721 0.3258
0.5 0.5 0.2494 0.2506 0.1732 0.3268
0.5055 0.4945 0.2504 0.2551 0.1753 0.3192
0.5072 0.4928 0.2545 0.2527 0.1781 0.3147
0.5017 0.4983 0.2559 0.2458 0.1656 0.3327
0.5053 0.4947 0.2559 0.2494 0.1752 0.3195
0.4948 0.5052 0.2536 0.2412 0.1774 0.3278
0.5052 0.4948 0.2495 0.2557 0.1727 0.3221
0.4977 0.5023 0.2536 0.2441 0.1729 0.3294
0.4992 0.5008 0.2503 0.2489 0.172 0.3288
0.507 0.493 0.2525 0.2545 0.1668 0.3262
0.5023 0.4977 0.254 0.2483 0.1768 0.3209
0.5032 0.4968 0.255 0.2482 0.179 0.3178
0.4992 0.5008 0.2586 0.2406 0.1776 0.3232
0.5003 0.4997 0.2572 0.2431 0.1776 0.3221
0.4976 0.5024 0.25 0.2476 0.1788 0.3236
0.4879 0.5121 0.2459 0.242 0.1783 0.3338
0.4966 0.5034 0.2493 0.2473 0.1745 0.3289
0.5004 0.4996 0.2493 0.2511 0.1771 0.3225
0.5042 0.4958 0.2512 0.253 0.1703 0.3255
0.4993 0.5007 0.2528 0.2465 0.1755 0.3252
0.5025 0.4975 0.2532 0.2493 0.1723 0.3252
0.4989 0.5011 0.2516 0.2473 0.1726 0.3285
0.5006 0.4994 0.2476 0.253 0.1732 0.3262
0.4949 0.5051 0.2469 0.248 0.1792 0.3259
0.4989 0.5011 0.2551 0.2438 0.1779 0.3232
0.4963 0.5037 0.2445 0.2518 0.1781 0.3256
0.4974 0.5026 0.2542 0.2432 0.1788 0.3238
0.4974 0.5026 0.2499 0.2475 0.1734 0.3292
0.4999 0.5001 0.245 0.2549 0.1752 0.3249
0.4979 0.5021 0.2512 0.2467 0.1781 0.324
0.4956 0.5044 0.2426 0.253 0.1791 0.3253
0.4924 0.5076 0.2418 0.2506 0.1756 0.332
0.4987 0.5013 0.2503 0.2484 0.1764 0.3249
0.5082 0.4918 0.254 0.2542 0.1717 0.3201
0.4996 0.5004 0.2544 0.2452 0.1768 0.3236
0.4972 0.5028 0.2489 0.2483 0.1781 0.3247
0.5007 0.4993 0.2553 0.2454 0.1792 0.3201
0.4946 0.5054 0.2406 0.254 0.1733 0.3321
0.5033 0.4967 0.2578 0.2455 0.1733 0.3234
0.4943 0.5057 0.2464 0.2479 0.1779 0.3278
0.5025 0.4975 0.2493 0.2532 0.1718 0.3257
0.5056 0.4944 0.2564 0.2492 0.1772 0.3172
0.5074 0.4926 0.251 0.2564 0.174 0.3186
0.5092 0.4908 0.2557 0.2535 0.1773 0.3135
0.4994 0.5006 0.2536 0.2458 0.172 0.3286
0.5058 0.4942 0.2526 0.2532 0.1712 0.323
0.4965 0.5035 0.2522 0.2443 0.1776 0.3259
0.5017 0.4983 0.2562 0.2455 0.1757 0.3226
0.4957 0.5043 0.2509 0.2448 0.1719 0.3324
0.4936 0.5064 0.2435 0.2501 0.1804 0.326
0.5168 0.4832 0.2562 0.2606 0.1731 0.3101
0.4996 0.5004 0.2544 0.2452 0.1759 0.3245
0.5012 0.4988 0.2448 0.2564 0.1777 0.3211
0.5062 0.4938 0.2469 0.2593 0.175 0.3188
0.5012 0.4988 0.2502 0.251 0.1704 0.3284
0.4968 0.5032 0.2519 0.2449 0.1715 0.3317
0.5049 0.4951 0.2514 0.2535 0.1682 0.3269
0.5014 0.4986 0.2543 0.2471 0.1741 0.3245
0.4981 0.5019 0.2491 0.249 0.1759 0.326
0.4991 0.5009 0.2521 0.247 0.1803 0.3206
0.4964 0.5036 0.2521 0.2443 0.1749 0.3287
0.4966 0.5034 0.2515 0.2451 0.1754 0.328
0.5029 0.4971 0.2558 0.2471 0.1737 0.3234
0.5026 0.4974 0.2551 0.2475 0.1714 0.326
0.5068 0.4932 0.2612 0.2456 0.1734 0.3198
0.4952 0.5048 0.2488 0.2464 0.1822 0.3226
0.4979 0.5021 0.2504 0.2475 0.1707 0.3314
0.493 0.507 0.2438 0.2492 0.1761 0.3309
0.5013 0.4987 0.2472 0.2541 0.1736 0.3251
0.4998 0.5002 0.2518 0.248 0.1798 0.3204
0.4953 0.5047 0.2461 0.2492 0.1759 0.3288
0.5082 0.4918 0.2562 0.252 0.1736 0.3182
0.5017 0.4983 0.2545 0.2472 0.1713 0.327
0.5028 0.4972 0.2456 0.2572 0.1708 0.3264
0.5032 0.4968 0.2538 0.2494 0.1801 0.3167
0.4993 0.5007 0.2527 0.2466 0.1793 0.3214
0.504 0.496 0.2553 0.2487 0.1768 0.3192
0.5026 0.4974 0.2475 0.2551 0.1745 0.3229
0.4995 0.5005 0.2499 0.2496 0.1723 0.3282
0.5089 0.4911 0.2509 0.258 0.1703 0.3208
0.4967 0.5033 0.246 0.2507 0.1727 0.3306
0.5047 0.4953 0.2577 0.247 0.1754 0.3199
0.4898 0.5102 0.2457 0.2441 0.1778 0.3324
0.5059 0.4941 0.2459 0.26 0.1733 0.3208
0.4997 0.5003 0.2494 0.2503 0.1816 0.3187
0.4928 0.5072 0.2452 0.2476 0.1773 0.3299
0.4954 0.5046 0.2453 0.2501 0.176 0.3286
0.5074 0.4926 0.2474 0.26 0.1727 0.3199
0.4987 0.5013 0.2428 0.2559 0.1804 0.3209
0.4959 0.5041 0.2434 0.2525 0.178 0.3261
0.4886 0.5114 0.2455 0.2431 0.1766 0.3348
0.5077 0.4923 0.2556 0.2521 0.168 0.3243
0.4909 0.5091 0.2494 0.2415 0.1804 0.3287
0.5008 0.4992 0.2498 0.251 0.1707 0.3285
0.4963 0.5037 0.2484 0.2479 0.1749 0.3288
0.4997 0.5003 0.2462 0.2535 0.174 0.3263
0.5005 0.4995 0.2441 0.2564 0.1712 0.3283
0.494 0.506 0.2485 0.2455 0.173 0.333
0.4981 0.5019 0.2457 0.2524 0.176 0.3259
0.5002 0.4998 0.2487 0.2515 0.1769 0.3229
0.5041 0.4959 0.2502 0.2539 0.1736 0.3223
0.4981 0.5019 0.2428 0.2553 0.1774 0.3245
0.5195 0.4805 0.2567 0.2628 0.1688 0.3117
0.4967 0.5033 0.2476 0.2491 0.1773 0.326
0.4973 0.5027 0.2475 0.2498 0.1739 0.3288
0.4919 0.5081 0.2487 0.2432 0.181 0.3271
0.4982 0.5018 0.2429 0.2553 0.1727 0.3291
0.496 0.504 0.2505 0.2455 0.174 0.33
0.4961 0.5039 0.2482 0.2479 0.1786 0.3253
0.4971 0.5029 0.252 0.2451 0.1762 0.3267
0.5004 0.4996 0.2525 0.2479 0.1763 0.3233
0.4994 0.5006 0.2495 0.2499 0.1704 0.3302
0.5016 0.4984 0.2486 0.253 0.1714 0.327
0.5136 0.4864 0.2624 0.2512 0.1752 0.3112
0.5032 0.4968 0.2416 0.2616 0.1745 0.3223
0.4946 0.5054 0.2459 0.2487 0.1713 0.3341
0.5028 0.4972 0.2466 0.2562 0.1713 0.3259
0.4985 0.5015 0.2476 0.2509 0.1735 0.328
0.5005 0.4995 0.2485 0.252 0.1643 0.3352
0.4916 0.5084 0.2535 0.2381 0.1792 0.3292
0.5048 0.4952 0.252 0.2528 0.1741 0.3211
0.5095 0.4905 0.2579 0.2516 0.1737 0.3168
0.5052 0.4948 0.2511 0.2541 0.1668 0.328
0.5078 0.4922 0.2555 0.2523 0.1696 0.3226
0.4978 0.5022 0.2495 0.2483 0.1757 0.3265
0.4999 0.5001 0.2527 0.2472 0.1746 0.3255
0.5011 0.4989 0.2508 0.2503 0.176 0.3229
0.4969 0.5031 0.2472 0.2497 0.1716 0.3315
0.4933 0.5067 0.2431 0.2502 0.1788 0.3279
0.503 0.497 0.2522 0.2508 0.1767 0.3203
0.5009 0.4991 0.2475 0.2534 0.1691 0.33
0.5018 0.4982 0.2558 0.246 0.1772 0.321
0.4959 0.5041 0.2418 0.2541 0.1734 0.3307
0.5002 0.4998 0.2524 0.2478 0.1732 0.3266
0.5071 0.4929 0.253 0.2541 0.1767 0.3162
0.4934 0.5066 0.2505 0.2429 0.1784 0.3282
0.5014 0.4986 0.2535 0.2479 0.1682 0.3304
0.4976 0.5024 0.2473 0.2503 0.1726 0.3298
0.4949 0.5051 0.245 0.2499 0.1796 0.3255
0.4984 0.5016 0.2493 0.2491 0.1781 0.3235
0.4978 0.5022 0.2424 0.2554 0.1781 0.3241
0.4955 0.5045 0.2389 0.2566 0.1777 0.3268
0.5039 0.4961 0.2557 0.2482 0.1803 0.3158
0.4971 0.5029 0.2437 0.2534 0.1772 0.3257
0.4989 0.5011 0.2536 0.2453 0.1742 0.3269
0.5094 0.4906 0.2514 0.258 0.1694 0.3212
0.5031 0.4969 0.2523 0.2508 0.1779 0.319
0.4931 0.5069 0.2442 0.2489 0.1802 0.3267
0.4936 0.5064 0.2503 0.2433 0.1816 0.3248
0.4961 0.5039 0.2563 0.2398 0.1728 0.3311
0.4976 0.5024 0.2448 0.2528 0.1676 0.3348
0.5073 0.4927 0.2582 0.2491 0.17 0.3227
0.5008 0.4992 0.2476 0.2532 0.173 0.3262
0.497 0.503 0.2452 0.2518 0.1715 0.3315
0.4967 0.5033 0.2529 0.2438 0.1731 0.3302
0.5019 0.4981 0.2497 0.2522 0.1716 0.3265
0.4951 0.5049 0.2504 0.2447 0.1806 0.3243
0.4996 0.5004 0.2506 0.249 0.1759 0.3245
0.4929 0.5071 0.2445 0.2484 0.1802 0.3269
0.4987 0.5013 0.2436 0.2551 0.1751 0.3262
0.4993 0.5007 0.2498 0.2495 0.1708 0.3299
0.4985 0.5015 0.2473 0.2512 0.1767 0.3248
0.4974 0.5026 0.2535 0.2439 0.1743 0.3283
0.5016 0.4984 0.2546 0.247 0.1715 0.3269
0.5014 0.4986 0.25 0.2514 0.1818 0.3168
0.4871 0.5129 0.2388 0.2483 0.1826 0.3303
0.4972 0.5028 0.2599 0.2373 0.1835 0.3193
0.5076 0.4924 0.2549 0.2527 0.1731 0.3193
0.505 0.495 0.2527 0.2523 0.1698 0.3252
0.4916 0.5084 0.2458 0.2458 0.1789 0.3295
0.5014 0.4986 0.2478 0.2536 0.1728 0.3258
0.4967 0.5033 0.2508 0.2459 0.1794 0.3239
0.4947 0.5053 0.2534 0.2413 0.1758 0.3295
0.4976 0.5024 0.2527 0.2449 0.1693 0.3331
0.5006 0.4994 0.245 0.2556 0.1716 0.3278
0.5004 0.4996 0.2535 0.2469 0.1732 0.3264
0.5063 0.4937 0.2505 0.2558 0.1749 0.3188
0.4896 0.5104 0.238 0.2516 0.176 0.3344
0.5006 0.4994 0.2496 0.251 0.18 0.3194
0.5044 0.4956 0.2525 0.2519 0.1694 0.3262
0.4989 0.5011 0.2462 0.2527 0.179 0.3221
0.4969 0.5031 0.2548 0.2421 0.1772 0.3259
0.4956 0.5044 0.2434 0.2522 0.181 0.3234
0.4957 0.5043 0.2462 0.2495 0.1779 0.3264
0.5019 0.4981 0.2595 0.2424 0.1733 0.3248
0.5076 0.4924 0.246 0.2616 0.1706 0.3218
0.4998 0.5002 0.255 0.2448 0.1713 0.3289
0.5004 0.4996 0.2536 0.2468 0.1777 0.3219
0.503 0.497 0.2435 0.2595 0.1781 0.3189
0.4939 0.5061 0.2449 0.249 0.1765 0.3296
0.5066 0.4934 0.2489 0.2577 0.1718 0.3216
0.5024 0.4976 0.2539 0.2485 0.1697 0.3279
0.4976 0.5024 0.2504 0.2472 0.1791 0.3233
0.4932 0.5068 0.2498 0.2434 0.1726 0.3342
0.4971 0.5029 0.248 0.2491 0.1709 0.332
0.4966 0.5034 0.2502 0.2464 0.1735 0.3299
0.5014 0.4986 0.2562 0.2452 0.1786 0.32
0.5009 0.4991 0.2484 0.2525 0.1774 0.3217
0.5014 0.4986 0.2499 0.2515 0.1747 0.3239
0.4949 0.5051 0.2506 0.2443 0.1783 0.3268
0.5006 0.4994 0.2558 0.2448 0.1781 0.3213
0.5013 0.4987 0.2463 0.255 0.1768 0.3219
0.4989 0.5011 0.2521 0.2468 0.1791 0.322
0.5041 0.4959 0.2511 0.253 0.1738 0.3221
0.4983 0.5017 0.2557 0.2426 0.1742 0.3275
0.4907 0.5093 0.243 0.2477 0.1805 0.3288
0.4982 0.5018 0.2467 0.2515 0.1745 0.3273
0.4978 0.5022 0.2468 0.251 0.1767 0.3255
0.5019 0.4981 0.248 0.2539 0.1748 0.3233
0.5051 0.4949 0.2535 0.2516 0.1711 0.3238
0.5014 0.4986 0.2444 0.257 0.1684 0.3302
0.4896 0.5104 0.242 0.2476 0.175 0.3354
0.5052 0.4948 0.2554 0.2498 0.1732 0.3216
0.499 0.501 0.2476 0.2514 0.1787 0.3223
0.4984 0.5016 0.2485 0.2499 0.1742 0.3274
0.4966 0.5034 0.244 0.2526 0.1755 0.3279
0.5015 0.4985 0.2475 0.254 0.1753 0.3232
0.5018 0.4982 0.2536 0.2482 0.1722 0.326
0.5058 0.4942 0.2504 0.2554 0.1725 0.3217
0.4967 0.5033 0.2497 0.247 0.1802 0.3231
0.4984 0.5016 0.2484 0.25 0.172 0.3296
0.498 0.502 0.2491 0.2489 0.1698 0.3322
0.5068 0.4932 0.2546 0.2522 0.1733 0.3199
0.5065 0.4935 0.253 0.2535 0.1781 0.3154
0.5083 0.4917 0.2535 0.2548 0.1727 0.319
0.4991 0.5009 0.2476 0.2515 0.1734 0.3275
0.5062 0.4938 0.2503 0.2559 0.1778 0.316
0.4964 0.5036 0.2532 0.2432 0.1781 0.3255
0.5002 0.4998 0.254 0.2462 0.1811 0.3187
0.4993 0.5007 0.2512 0.2481 0.1788 0.3219
0.5034 0.4966 0.2544 0.249 0.1747 0.3219
0.5062 0.4938 0.2555 0.2507 0.1711 0.3227
0.5034 0.4966 0.2485 0.2549 0.1715 0.3251
0.4988 0.5012 0.2499 0.2489 0.1778 0.3234
0.5043 0.4957 0.2548 0.2495 0.1786 0.3171
0.5092 0.4908 0.2529 0.2563 0.1718 0.319
0.5033 0.4967 0.2542 0.2491 0.172 0.3247
0.4993 0.5007 0.2504 0.2489 0.1756 0.3251
0.5001 0.4999 0.2485 0.2516 0.1681 0.3318
0.4905 0.5095 0.2417 0.2488 0.1742 0.3353
0.5055 0.4945 0.2514 0.2541 0.1683 0.3262
0.4905 0.5095 0.2464 0.2441 0.1752 0.3343
0.5026 0.4974 0.2425 0.2601 0.1753 0.3221
0.4895 0.5105 0.2465 0.243 0.1827 0.3278
0.4953 0.5047 0.2438 0.2515 0.1687 0.336
0.5044 0.4956 0.2451 0.2593 0.1739 0.3217
0.4974 0.5026 0.254 0.2434 0.1746 0.328
0.4995 0.5005 0.2498 0.2497 0.1759 0.3246
0.4977 0.5023 0.2562 0.2415 0.1757 0.3266
0.5044 0.4956 0.2546 0.2498 0.175 0.3206
0.4982 0.5018 0.2527 0.2455 0.1768 0.325
0.5014 0.4986 0.2516 0.2498 0.1716 0.327
0.5047 0.4953 0.2497 0.255 0.1738 0.3215
0.5009 0.4991 0.2549 0.246 0.1694 0.3297
0.5052 0.4948 0.253 0.2522 0.1745 0.3203
0.5026 0.4974 0.2533 0.2493 0.1743 0.3231
0.5014 0.4986 0.2487 0.2527 0.1758 0.3228
0.4991 0.5009 0.2512 0.2479 0.1736 0.3273
0.4943 0.5057 0.2526 0.2417 0.1749 0.3308
0.495 0.505 0.2458 0.2492 0.1829 0.3221
0.4972 0.5028 0.2425 0.2547 0.1727 0.3301
0.4942 0.5058 0.2401 0.2541 0.1774 0.3284
0.4972 0.5028 0.2526 0.2446 0.1769 0.3259
0.493 0.507 0.2374 0.2556 0.173 0.334
0.5061 0.4939 0.2544 0.2517 0.1731 0.3208
0.4964 0.5036 0.2526 0.2438 0.1818 0.3218
0.5003 0.4997 0.2583 0.242 0.1737 0.326
0.5053 0.4947 0.2494 0.2559 0.1759 0.3188
0.5009 0.4991 0.2453 0.2556 0.1726 0.3265
0.4947 0.5053 0.2469 0.2478 0.1756 0.3297
0.4976 0.5024 0.2494 0.2482 0.1794 0.323
0.4909 0.5091 0.2454 0.2455 0.1788 0.3303
0.4971 0.5029 0.2507 0.2464 0.1796 0.3233
0.4969 0.5031 0.2482 0.2487 0.1734 0.3297
0.4999 0.5001 0.2457 0.2542 0.1737 0.3264
0.5036 0.4964 0.2564 0.2472 0.1746 0.3218
0.504 0.496 0.2464 0.2576 0.177 0.319
0.4994 0.5006 0.2436 0.2558 0.1809 0.3197
0.4944 0.5056 0.2447 0.2497 0.1783 0.3273
0.5077 0.4923 0.257 0.2507 0.1743 0.318
0.4874 0.5126 0.2391 0.2483 0.188 0.3246
0.5058 0.4942 0.2457 0.2601 0.1733 0.3209
0.5039 0.4961 0.2433 0.2606 0.1686 0.3275
0.499 0.501 0.2514 0.2476 0.1734 0.3276
0.4997 0.5003 0.2511 0.2486 0.1756 0.3247
0.5077 0.4923 0.2526 0.2551 0.1744 0.3179
0.4958 0.5042 0.2502 0.2456 0.1762 0.328
0.5012 0.4988 0.2512 0.25 0.1789 0.3199
0.4997 0.5003 0.2447 0.255 0.1709 0.3294
0.5005 0.4995 0.2495 0.251 0.175 0.3245
0.4955 0.5045 0.2476 0.2479 0.182 0.3225
0.5006 0.4994 0.2478 0.2528 0.1683 0.3311
0.4973 0.5027 0.2518 0.2455 0.1778 0.3249
0.4956 0.5044 0.2508 0.2448 0.1755 0.3289
0.508 0.492 0.2561 0.2519 0.1781 0.3139
0.5038 0.4962 0.2498 0.254 0.1745 0.3217
0.5038 0.4962 0.2514 0.2524 0.1718 0.3244
0.4983 0.5017 0.2497 0.2486 0.1782 0.3235
0.499 0.501 0.2511 0.2479 0.1744 0.3266
0.5017 0.4983 0.253 0.2487 0.1717 0.3266
0.502 0.498 0.2478 0.2542 0.1711 0.3269
0.4955 0.5045 0.2533 0.2422 0.1778 0.3267
0.4942 0.5058 0.2439 0.2503 0.1781 0.3277
0.4976 0.5024 0.2494 0.2482 0.175 0.3274
0.5055 0.4945 0.2498 0.2557 0.1767 0.3178
0.5008 0.4992 0.2514 0.2494 0.1741 0.3251
0.4992 0.5008 0.2538 0.2454 0.1763 0.3245
0.5015 0.4985 0.2548 0.2467 0.1765 0.322
0.4981 0.5019 0.2483 0.2498 0.1738 0.3281
0.4988 0.5012 0.2494 0.2494 0.1747 0.3265
0.4945 0.5055 0.2507 0.2438 0.1851 0.3204
0.501 0.499 0.2513 0.2497 0.1771 0.3219
0.501 0.499 0.2527 0.2483 0.1763 0.3227
0.5035 0.4965 0.2495 0.254 0.1713 0.3252
0.5065 0.4935 0.2595 0.247 0.1742 0.3193
0.5023 0.4977 0.2577 0.2446 0.1705 0.3272
0.4907 0.5093 0.2468 0.2439 0.1856 0.3237
0.5074 0.4926 0.2564 0.251 0.1733 0.3193
0.502 0.498 0.2456 0.2564 0.174 0.324
0.4932 0.5068 0.2472 0.246 0.1758 0.331
0.5039 0.4961 0.25 0.2539 0.1729 0.3232
0.4984 0.5016 0.2507 0.2477 0.1762 0.3254
0.5009 0.4991 0.2473 0.2536 0.1787 0.3204
0.4991 0.5009 0.2519 0.2472 0.1738 0.3271
0.4992 0.5008 0.2492 0.25 0.1763 0.3245
0.5044 0.4956 0.2552 0.2492 0.182 0.3136
0.5087 0.4913 0.2525 0.2562 0.1785 0.3128
0.494 0.506 0.2478 0.2462 0.1772 0.3288
0.5073 0.4927 0.2508 0.2565 0.1768 0.3159
0.5106 0.4894 0.2653 0.2453 0.1715 0.3179
0.5017 0.4983 0.2547 0.247 0.1727 0.3256
0.4909 0.5091 0.2413 0.2496 0.1824 0.3267
0.498 0.502 0.2545 0.2435 0.1771 0.3249
0.508 0.492 0.2566 0.2514 0.1727 0.3193
0.4965 0.5035 0.2482 0.2483 0.1748 0.3287
0.5054 0.4946 0.2494 0.256 0.1737 0.3209
0.4917 0.5083 0.2455 0.2462 0.1803 0.328
0.5029 0.4971 0.2559 0.247 0.1794 0.3177
0.5004 0.4996 0.2555 0.2449 0.1721 0.3275
0.5003 0.4997 0.2585 0.2418 0.1761 0.3236
0.5018 0.4982 0.2551 0.2467 0.1762 0.322
0.4989 0.5011 0.2562 0.2427 0.176 0.3251
0.4997 0.5003 0.2493 0.2504 0.1695 0.3308
0.5096 0.4904 0.2582 0.2514 0.1769 0.3135
0.4945 0.5055 0.25 0.2445 0.1773 0.3282
0.4975 0.5025 0.2474 0.2501 0.1721 0.3304
0.4965 0.5035 0.2498 0.2467 0.1734 0.3301
0.5029 0.4971 0.2445 0.2584 0.1671 0.33
0.5059 0.4941 0.2491 0.2568 0.1797 0.3144
0.5083 0.4917 0.2508 0.2575 0.1682 0.3235
0.5032 0.4968 0.2484 0.2548 0.1804 0.3164
0.4972 0.5028 0.2484 0.2488 0.1816 0.3212
0.4966 0.5034 0.2486 0.248 0.1779 0.3255
0.4993 0.5007 0.2458 0.2535 0.1671 0.3336
0.5088 0.4912 0.2572 0.2516 0.1706 0.3206
0.4984 0.5016 0.249 0.2494 0.1751 0.3265
0.4933 0.5067 0.2503 0.243 0.186 0.3207
0.4949 0.5051 0.2439 0.251 0.1715 0.3336
0.5051 0.4949 0.2523 0.2528 0.1715 0.3234
0.5055 0.4945 0.255 0.2505 0.1737 0.3208
0.5093 0.4907 0.2557 0.2536 0.1729 0.3178
0.5089 0.4911 0.2565 0.2524 0.1753 0.3158
0.5039 0.4961 0.2596 0.2443 0.1778 0.3183
0.5053 0.4947 0.2486 0.2567 0.1743 0.3204
0.4999 0.5001 0.2465 0.2534 0.1699 0.3302
0.5003 0.4997 0.2551 0.2452 0.1756 0.3241
0.4978 0.5022 0.2477 0.2501 0.1808 0.3214
0.4915 0.5085 0.2475 0.244 0.1769 0.3316
0.4993 0.5007 0.2494 0.2499 0.1713 0.3294
0.4985 0.5015 0.2474 0.2511 0.1762 0.3253
0.4994 0.5006 0.2521 0.2473 0.1764 0.3242
0.4941 0.5059 0.2487 0.2454 0.1803 0.3256
0.4965 0.5035 0.2522 0.2443 0.1755 0.328
0.5024 0.4976 0.2531 0.2493 0.1799 0.3177
0.4969 0.5031 0.2468 0.2501 0.1816 0.3215
0.5026 0.4974 0.2516 0.251 0.17 0.3274
0.4959 0.5041 0.2479 0.248 0.1733 0.3308
0.4998 0.5002 0.2525 0.2473 0.1757 0.3245
0.5074 0.4926 0.2539 0.2535 0.1651 0.3275
0.5 0.5 0.2514 0.2486 0.1705 0.3295
0.4992 0.5008 0.2538 0.2454 0.1783 0.3225
0.4934 0.5066 0.2472 0.2462 0.1733 0.3333
0.501 0.499 0.2511 0.2499 0.1762 0.3228
0.4974 0.5026 0.2525 0.2449 0.1779 0.3247
0.4969 0.5031 0.2479 0.249 0.1776 0.3255
0.4982 0.5018 0.2525 0.2457 0.1741 0.3277
0.5044 0.4956 0.2516 0.2528 0.1724 0.3232
0.4949 0.5051 0.2494 0.2455 0.1755 0.3296
0.5092 0.4908 0.2551 0.2541 0.1698 0.321
0.5066 0.4934 0.2557 0.2509 0.1718 0.3216
0.5002 0.4998 0.2529 0.2473 0.1779 0.3219
0.5078 0.4922 0.255 0.2528 0.1725 0.3197
0.4979 0.5021 0.2457 0.2522 0.1735 0.3286
0.508 0.492 0.2573 0.2507 0.1742 0.3178
0.5102 0.4898 0.2621 0.2481 0.1736 0.3162
0.4988 0.5012 0.2514 0.2474 0.1746 0.3266
0.5055 0.4945 0.2529 0.2526 0.1665 0.328
0.4974 0.5026 0.2491 0.2483 0.1727 0.3299
0.5009 0.4991 0.2502 0.2507 0.1788 0.3203
0.497 0.503 0.248 0.249 0.1753 0.3277
0.4947 0.5053 0.248 0.2467 0.178 0.3273
0.501 0.499 0.2528 0.2482 0.1741 0.3249
0.5024 0.4976 0.249 0.2534 0.1783 0.3193
0.5043 0.4957 0.2481 0.2562 0.1745 0.3212
0.5096 0.4904 0.2582 0.2514 0.1714 0.319
0.4985 0.5015 0.2516 0.2469 0.1688 0.3327
0.5079 0.4921 0.2564 0.2515 0.1708 0.3213
0.4985 0.5015 0.2488 0.2497 0.174 0.3275
0.51 0.49 0.2535 0.2565 0.1721 0.3179
0.4932 0.5068 0.2497 0.2435 0.1743 0.3325
0.502 0.498 0.2508 0.2512 0.1682 0.3298
0.4987 0.5013 0.2503 0.2484 0.1784 0.3229
0.5052 0.4948 0.2536 0.2516 0.1686 0.3262
0.4945 0.5055 0.2462 0.2483 0.1814 0.3241
0.494 0.506 0.2431 0.2509 0.177 0.329
0.4975 0.5025 0.2462 0.2513 0.1731 0.3294
0.4908 0.5092 0.2502 0.2406 0.1778 0.3314
0.4927 0.5073 0.2538 0.2389 0.1782 0.3291
0.5057 0.4943 0.2535 0.2522 0.174 0.3203
0.4977 0.5023 0.2497 0.248 0.1748 0.3275
0.5085 0.4915 0.2491 0.2594 0.1805 0.311
0.4985 0.5015 0.2462 0.2523 0.1692 0.3323
0.4999 0.5001 0.2471 0.2528 0.1735 0.3266
0.5005 0.4995 0.2477 0.2528 0.1745 0.325
0.4979 0.5021 0.2468 0.2511 0.1745 0.3276
0.5033 0.4967 0.2546 0.2487 0.1717 0.325
0.4994 0.5006 0.2524 0.247 0.1783 0.3223
0.4933 0.5067 0.246 0.2473 0.1766 0.3301
0.4936 0.5064 0.2492 0.2444 0.1782 0.3282
0.5014 0.4986 0.2471 0.2543 0.1754 0.3232
0.5076 0.4924 0.2571 0.2505 0.1645 0.3279
0.4967 0.5033 0.2518 0.2449 0.1757 0.3276
0.5081 0.4919 0.2528 0.2553 0.1715 0.3204
0.5015 0.4985 0.2509 0.2506 0.1764 0.3221
0.5099 0.4901 0.2565 0.2534 0.1762 0.3139
0.5084 0.4916 0.257 0.2514 0.1691 0.3225
0.4969 0.5031 0.2473 0.2496 0.1746 0.3285
0.5081 0.4919 0.2568 0.2513 0.1765 0.3154
0.4974 0.5026 0.2401 0.2573 0.1796 0.323
0.5009 0.4991 0.2457 0.2552 0.1804 0.3187
0.4987 0.5013 0.2476 0.2511 0.1771 0.3242
0.5053 0.4947 0.2518 0.2535 0.1728 0.3219
0.5027 0.4973 0.2539 0.2488 0.1725 0.3248
0.5001 0.4999 0.2466 0.2535 0.1752 0.3247
0.5005 0.4995 0.2495 0.251 0.1717 0.3278
0.5046 0.4954 0.257 0.2476 0.1765 0.3189
0.5082 0.4918 0.2569 0.2513 0.1731 0.3187
0.5045 0.4955 0.2592 0.2453 0.1739 0.3216
0.5063 0.4937 0.2442 0.2621 0.1718 0.3219
0.5063 0.4937 0.2564 0.2499 0.17 0.3237
0.5012 0.4988 0.2501 0.2511 0.1687 0.3301
0.493 0.507 0.2454 0.2476 0.1705 0.3365
0.4901 0.5099 0.2426 0.2475 0.1766 0.3333
0.5018 0.4982 0.2504 0.2514 0.1759 0.3223
0.4991 0.5009 0.2471 0.252 0.1765 0.3244
0.5021 0.4979 0.2525 0.2496 0.1705 0.3274
0.4998 0.5002 0.2513 0.2485 0.1752 0.325
0.5078 0.4922 0.2615 0.2463 0.1595 0.3327
0.4904 0.5096 0.2424 0.248 0.1704 0.3392
0.4899 0.5101 0.2453 0.2446 0.1774 0.3327
0.5023 0.4977 0.242 0.2603 0.1788 0.3189
0.5093 0.4907 0.2503 0.259 0.1724 0.3183
0.506 0.494 0.2438 0.2622 0.1785 0.3155
0.4972 0.5028 0.2436 0.2536 0.1736 0.3292
0.4976 0.5024 0.2487 0.2489 0.1709 0.3315
0.497 0.503 0.2433 0.2537 0.1783 0.3247
0.5056 0.4944 0.2538 0.2518 0.1703 0.3241
0.5028 0.4972 0.2444 0.2584 0.1694 0.3278
0.5039 0.4961 0.2566 0.2473 0.179 0.3171
0.4901 0.5099 0.2504 0.2397 0.1855 0.3244
0.4916 0.5084 0.244 0.2476 0.1694 0.339
0.5048 0.4952 0.2513 0.2535 0.1694 0.3258
0.5008 0.4992 0.2425 0.2583 0.173 0.3262
0.4956 0.5044 0.2515 0.2441 0.1765 0.3279
0.4945 0.5055 0.2508 0.2437 0.1764 0.3291
0.5029 0.4971 0.2495 0.2534 0.1729 0.3242
0.4994 0.5006 0.2477 0.2517 0.1745 0.3261
0.4993 0.5007 0.247 0.2523 0.1809 0.3198
0.497 0.503 0.2492 0.2478 0.174 0.329
0.4951 0.5049 0.2379 0.2572 0.1759 0.329
0.5026 0.4974 0.2535 0.2491 0.1732 0.3242
0.4952 0.5048 0.2431 0.2521 0.1812 0.3236
0.5006 0.4994 0.2493 0.2513 0.1746 0.3248
0.4892 0.5108 0.2415 0.2477 0.1827 0.3281
0.4991 0.5009 0.2489 0.2502 0.1775 0.3234
0.4989 0.5011 0.2487 0.2502 0.1781 0.323
0.5039 0.4961 0.2463 0.2576 0.1723 0.3238
0.5039 0.4961 0.248 0.2559 0.1723 0.3238
0.4969 0.5031 0.2465 0.2504 0.1771 0.326
0.4966 0.5034 0.2415 0.2551 0.1801 0.3233
0.4923 0.5077 0.2473 0.245 0.1817 0.326
0.5059 0.4941 0.2552 0.2507 0.1635 0.3306
0.4974 0.5026 0.2479 0.2495 0.1814 0.3212
0.4889 0.5111 0.2432 0.2457 0.185 0.3261
0.5095 0.4905 0.2527 0.2568 0.1779 0.3126
0.4996 0.5004 0.2484 0.2512 0.1834 0.317
0.508 0.492 0.2555 0.2525 0.1749 0.3171
0.5071 0.4929 0.2575 0.2496 0.173 0.3199
0.4997 0.5003 0.2464 0.2533 0.1752 0.3251
0.4969 0.5031 0.247 0.2499 0.1762 0.3269
0.4925 0.5075 0.2426 0.2499 0.1824 0.3251
0.4978 0.5022 0.2468 0.251 0.1789 0.3233
0.4922 0.5078 0.2522 0.24 0.1795 0.3283
0.4997 0.5003 0.251 0.2487 0.1778 0.3225
0.4956 0.5044 0.2508 0.2448 0.1765 0.3279
0.5008 0.4992 0.2535 0.2473 0.1741 0.3251
0.5082 0.4918 0.2575 0.2507 0.1667 0.3251
0.4956 0.5044 0.2499 0.2457 0.1811 0.3233
0.4995 0.5005 0.2381 0.2614 0.1728 0.3277
0.495 0.505 0.2451 0.2499 0.1777 0.3273
0.5032 0.4968 0.2487 0.2545 0.1775 0.3193
0.5049 0.4951 0.2477 0.2572 0.1689 0.3262
0.5087 0.4913 0.2557 0.253 0.175 0.3163
0.5043 0.4957 0.2484 0.2559 0.1744 0.3213
0.5002 0.4998 0.2506 0.2496 0.1793 0.3205
0.4889 0.5111 0.2425 0.2464 0.1828 0.3283
0.4997 0.5003 0.2497 0.25 0.1843 0.316
0.5025 0.4975 0.2539 0.2486 0.1718 0.3257
0.4931 0.5069 0.2499 0.2432 0.1792 0.3277
0.5053 0.4947 0.2515 0.2538 0.1788 0.3159
0.5002 0.4998 0.2483 0.2519 0.1783 0.3215
0.4964 0.5036 0.2505 0.2459 0.1789 0.3247
0.5055 0.4945 0.2552 0.2503 0.1695 0.325
0.5144 0.4856 0.2557 0.2587 0.1715 0.3141
0.4996 0.5004 0.2489 0.2507 0.1774 0.323
0.4944 0.5056 0.2505 0.2439 0.1698 0.3358
0.5034 0.4966 0.2518 0.2516 0.1748 0.3218
0.501 0.499 0.2542 0.2468 0.1756 0.3234
0.499 0.501 0.2528 0.2462 0.1695 0.3315
0.495 0.505 0.2484 0.2466 0.1777 0.3273
0.4952 0.5048 0.2497 0.2455 0.1783 0.3265
0.4963 0.5037 0.2472 0.2491 0.1787 0.325
0.4984 0.5016 0.2524 0.246 0.1735 0.3281
0.508 0.492 0.252 0.256 0.1713 0.3207
0.5095 0.4905 0.2558 0.2537 0.1639 0.3266
0.4963 0.5037 0.2504 0.2459 0.1736 0.3301
0.5045 0.4955 0.2568 0.2477 0.1746 0.3209
0.5019 0.4981 0.25 0.2519 0.1723 0.3258
0.4965 0.5035 0.2483 0.2482 0.1783 0.3252
0.501 0.499 0.2552 0.2458 0.1727 0.3263
0.5023 0.4977 0.2494 0.2529 0.1691 0.3286
0.4904 0.5096 0.2512 0.2392 0.181 0.3286
0.498 0.502 0.2517 0.2463 0.1701 0.3319
0.5012 0.4988 0.2459 0.2553 0.1656 0.3332
0.5075 0.4925 0.2524 0.2551 0.1759 0.3166
0.5026 0.4974 0.2435 0.2591 0.1748 0.3226
0.501 0.499 0.2494 0.2516 0.1698 0.3292
0.4971 0.5029 0.2465 0.2506 0.1729 0.33
0.4963 0.5037 0.2525 0.2438 0.1751 0.3286
0.5027 0.4973 0.2514 0.2513 0.1763 0.321
0.499 0.501 0.2481 0.2509 0.1749 0.3261
0.4939 0.5061 0.2444 0.2495 0.1776 0.3285
0.5035 0.4965 0.2464 0.2571 0.1768 0.3197
0.5031 0.4969 0.2519 0.2512 0.1772 0.3197
0.4981 0.5019 0.2463 0.2518 0.1718 0.3301
0.5059 0.4941 0.2495 0.2564 0.1755 0.3186
0.5004 0.4996 0.2502 0.2502 0.1762 0.3234
0.4975 0.5025 0.2419 0.2556 0.1709 0.3316
0.4992 0.5008 0.2503 0.2489 0.1788 0.322
0.4915 0.5085 0.2407 0.2508 0.1746 0.3339
0.4968 0.5032 0.2465 0.2503 0.1838 0.3194
0.5003 0.4997 0.2507 0.2496 0.1741 0.3256
0.4924 0.5076 0.248 0.2444 0.1759 0.3317
0.4982 0.5018 0.2501 0.2481 0.1832 0.3186
0.5001 0.4999 0.2513 0.2488 0.1687 0.3312
0.503 0.497 0.2508 0.2522 0.1711 0.3259
0.5059 0.4941 0.242 0.2639 0.1714 0.3227
0.5052 0.4948 0.2503 0.2549 0.1692 0.3256
0.5 0.5 0.2499 0.2501 0.171 0.329
0.4927 0.5073 0.2429 0.2498 0.1807 0.3266
0.5112 0.4888 0.2497 0.2615 0.1767 0.3121
0.4899 0.5101 0.2478 0.2421 0.1711 0.339
0.4976 0.5024 0.2449 0.2527 0.1759 0.3265
0.5001 0.4999 0.254 0.2461 0.1758 0.3241
0.4926 0.5074 0.2451 0.2475 0.1735 0.3339
0.5035 0.4965 0.2524 0.2511 0.1705 0.326
0.5029 0.4971 0.2517 0.2512 0.1753 0.3218
0.5034 0.4966 0.2559 0.2475 0.1797 0.3169
0.4899 0.5101 0.2429 0.247 0.177 0.3331
0.4977 0.5023 0.2474 0.2503 0.1784 0.3239
0.499 0.501 0.2493 0.2497 0.1778 0.3232
0.4965 0.5035 0.2533 0.2432 0.1766 0.3269
0.4988 0.5012 0.2502 0.2486 0.1729 0.3283
0.4997 0.5003 0.2456 0.2541 0.1753 0.325
0.5025 0.4975 0.252 0.2505 0.1749 0.3226
0.4977 0.5023 0.2458 0.2519 0.1763 0.326
0.5052 0.4948 0.2559 0.2493 0.1689 0.3259
0.5078 0.4922 0.2586 0.2492 0.176 0.3162
0.4996 0.5004 0.2464 0.2532 0.1767 0.3237
0.5043 0.4957 0.2471 0.2572 0.1771 0.3186
0.4972 0.5028 0.2527 0.2445 0.1747 0.3281
0.4956 0.5044 0.245 0.2506 0.1809 0.3235
0.5089 0.4911 0.259 0.2499 0.1746 0.3165
0.4997 0.5003 0.2471 0.2526 0.1736 0.3267
0.5033 0.4967 0.2502 0.2531 0.1728 0.3239
0.5061 0.4939 0.249 0.2571 0.1769 0.317
0.5022 0.4978 0.2515 0.2507 0.1763 0.3215
0.4954 0.5046 0.2505 0.2449 0.1777 0.3269
0.4961 0.5039 0.2476 0.2485 0.1765 0.3274
0.501 0.499 0.2449 0.2561 0.1768 0.3222
0.499 0.501 0.2472 0.2518 0.1748 0.3262
0.4988 0.5012 0.2492 0.2496 0.1794 0.3218
0.5056 0.4944 0.2467 0.2589 0.176 0.3184
0.5001 0.4999 0.2489 0.2512 0.1757 0.3242
0.4959 0.5041 0.2433 0.2526 0.1743 0.3298
0.498 0.502 0.2477 0.2503 0.175 0.327
0.5015 0.4985 0.2515 0.25 0.1789 0.3196
0.495 0.505 0.25 0.245 0.1755 0.3295
0.4944 0.5056 0.2423 0.2521 0.1682 0.3374
0.499 0.501 0.2491 0.2499 0.1769 0.3241
0.4966 0.5034 0.246 0.2506 0.1747 0.3287
0.499 0.501 0.2455 0.2535 0.1798 0.3212
0.4953 0.5047 0.2475 0.2478 0.1753 0.3294
0.5009 0.4991 0.2522 0.2487 0.1735 0.3256
0.51 0.49 0.2498 0.2602 0.1676 0.3224
0.4955 0.5045 0.242 0.2535 0.1735 0.331
0.4986 0.5014 0.2452 0.2534 0.1729 0.3285
0.495 0.505 0.2506 0.2444 0.1841 0.3209
0.5047 0.4953 0.2559 0.2488 0.1734 0.3219
0.4998 0.5002 0.2442 0.2556 0.1778 0.3224
0.5085 0.4915 0.2572 0.2513 0.1786 0.3129
0.4919 0.5081 0.2468 0.2451 0.1756 0.3325
0.501 0.499 0.2506 0.2504 0.1818 0.3172
0.4982 0.5018 0.2523 0.2459 0.1773 0.3245
0.4971 0.5029 0.2506 0.2465 0.1793 0.3236
0.5081 0.4919 0.2554 0.2527 0.1754 0.3165
0.493 0.507 0.2506 0.2424 0.182 0.325
0.5017 0.4983 0.2562 0.2455 0.1769 0.3214
0.5125 0.4875 0.2573 0.2552 0.1703 0.3172
0.5101 0.4899 0.2568 0.2533 0.1657 0.3242
0.4928 0.5072 0.2496 0.2432 0.1771 0.3301
0.4976 0.5024 0.2516 0.246 0.1706 0.3318
0.498 0.502 0.2492 0.2488 0.1774 0.3246
0.5068 0.4932 0.2584 0.2484 0.1736 0.3196
0.4978 0.5022 0.2472 0.2506 0.1651 0.3371
0.4938 0.5062 0.2456 0.2482 0.1779 0.3283
0.4978 0.5022 0.2507 0.2471 0.1766 0.3256
0.5044 0.4956 0.2597 0.2447 0.1782 0.3174
0.4977 0.5023 0.2466 0.2511 0.1737 0.3286
0.4989 0.5011 0.246 0.2529 0.1759 0.3252
0.5047 0.4953 0.2481 0.2566 0.1767 0.3186
0.5076 0.4924 0.2548 0.2528 0.1694 0.323
0.496 0.504 0.2517 0.2443 0.1742 0.3298
0.5002 0.4998 0.2523 0.2479 0.1785 0.3213
0.4996 0.5004 0.2567 0.2429 0.1737 0.3267
0.5018 0.4982 0.2556 0.2462 0.1749 0.3233
0.5064 0.4936 0.2535 0.2529 0.1732 0.3204
0.507 0.493 0.2503 0.2567 0.18 0.313
0.4999 0.5001 0.2478 0.2521 0.1784 0.3217
0.5015 0.4985 0.2523 0.2492 0.1775 0.321
0.4994 0.5006 0.2457 0.2537 0.1788 0.3218
0.5058 0.4942 0.2487 0.2571 0.1705 0.3237
0.4994 0.5006 0.2485 0.2509 0.1688 0.3318
0.5056 0.4944 0.2531 0.2525 0.168 0.3264
0.4964 0.5036 0.2439 0.2525 0.1757 0.3279
0.4964 0.5036 0.2461 0.2503 0.1765 0.3271
0.4885 0.5115 0.2415 0.247 0.1793 0.3322
0.5009 0.4991 0.2531 0.2478 0.1705 0.3286
0.4993 0.5007 0.2463 0.253 0.1747 0.326
0.5032 0.4968 0.2549 0.2483 0.1773 0.3195
0.5012 0.4988 0.2481 0.2531 0.1751 0.3237
0.5003 0.4997 0.2494 0.2509 0.1751 0.3246
0.5099 0.4901 0.247 0.2629 0.1707 0.3194
0.4991 0.5009 0.2454 0.2537 0.1706 0.3303
0.5022 0.4978 0.2516 0.2506 0.173 0.3248
0.5055 0.4945 0.2516 0.2539 0.1784 0.3161
0.5006 0.4994 0.2498 0.2508 0.1737 0.3257
0.4975 0.5025 0.2473 0.2502 0.1762 0.3263
0.4945 0.5055 0.2481 0.2464 0.1706 0.3349
0.4958 0.5042 0.2445 0.2513 0.1743 0.3299
0.5148 0.4852 0.2581 0.2567 0.1691 0.3161
0.499 0.501 0.2524 0.2466 0.1743 0.3267
0.4966 0.5034 0.2456 0.251 0.1794 0.324
0.4967 0.5033 0.2462 0.2505 0.1728 0.3305
0.5038 0.4962 0.2519 0.2519 0.1722 0.324
0.5036 0.4964 0.2482 0.2554 0.1753 0.3211
0.4897 0.5103 0.2516 0.2381 0.1797 0.3306
0.5082 0.4918 0.2529 0.2553 0.172 0.3198
0.5012 0.4988 0.2552 0.246 0.17 0.3288
0.501 0.499 0.2511 0.2499 0.1715 0.3275
0.4934 0.5066 0.2506 0.2428 0.18 0.3266
0.5047 0.4953 0.2544 0.2503 0.1746 0.3207
0.4977 0.5023 0.2385 0.2592 0.1807 0.3216
0.5001 0.4999 0.2486 0.2515 0.1706 0.3293
0.5029 0.4971 0.2477 0.2552 0.1743 0.3228
0.5003 0.4997 0.2443 0.256 0.1772 0.3225
0.4981 0.5019 0.2438 0.2543 0.1797 0.3222
0.497 0.503 0.2543 0.2427 0.1671 0.3359
0.5049 0.4951 0.2543 0.2506 0.1735 0.3216
0.5058 0.4942 0.2589 0.2469 0.1697 0.3245
0.4992 0.5008 0.247 0.2522 0.1794 0.3214
0.4938 0.5062 0.2488 0.245 0.1716 0.3346
0.5027 0.4973 0.2526 0.2501 0.1768 0.3205
0.489 0.511 0.2464 0.2426 0.1817 0.3293
0.4966 0.5034 0.2448 0.2518 0.174 0.3294
0.4963 0.5037 0.251 0.2453 0.1808 0.3229
0.4923 0.5077 0.2463 0.246 0.1801 0.3276
0.4989 0.5011 0.2566 0.2423 0.1723 0.3288
0.5017 0.4983 0.2506 0.2511 0.1709 0.3274
0.4996 0.5004 0.246 0.2536 0.1764 0.324
0.4971 0.5029 0.2524 0.2447 0.1802 0.3227
0.4975 0.5025 0.2458 0.2517 0.1732 0.3293
0.4984 0.5016 0.2479 0.2505 0.1692 0.3324
0.5016 0.4984 0.2503 0.2513 0.1702 0.3282
0.5058 0.4942 0.2475 0.2583 0.1709 0.3233
0.5033 0.4967 0.2508 0.2525 0.1751 0.3216
0.5041 0.4959 0.2413 0.2628 0.1801 0.3158
0.498 0.502 0.2466 0.2514 0.1742 0.3278
0.5051 0.4949 0.2548 0.2503 0.176 0.3189
0.4956 0.5044 0.2473 0.2483 0.1834 0.321
0.501 0.499 0.2476 0.2534 0.1754 0.3236
0.5072 0.4928 0.2592 0.248 0.1727 0.3201
0.4982 0.5018 0.2498 0.2484 0.1784 0.3234
0.4998 0.5002 0.251 0.2488 0.177 0.3232
0.4999 0.5001 0.2511 0.2488 0.1793 0.3208
0.5061 0.4939 0.2519 0.2542 0.1767 0.3172
0.5048 0.4952 0.2529 0.2519 0.1693 0.3259
0.4973 0.5027 0.247 0.2503 0.1771 0.3256
0.495 0.505 0.2458 0.2492 0.1763 0.3287
0.5046 0.4954 0.2521 0.2525 0.1733 0.3221
