0.5024 0.4976 0.2482 0.2542 0.2513 0.2463
0.5043 0.4957 0.2606 0.2437 0.2522 0.2435
0.4864 0.5136 0.2417 0.2447 0.2627 0.2509
0.4919 0.5081 0.2408 0.2511 0.2576 0.2505
0.4999 0.5001 0.2476 0.2523 0.2492 0.2509
0.4972 0.5028 0.2513 0.2459 0.2476 0.2552
0.5 0.5 0.248 0.252 0.2523 0.2477
0.4931 0.5069 0.2483 0.2448 0.2518 0.2551
0.4971 0.5029 0.2453 0.2518 0.2507 0.2522
0.496 0.504 0.2436 0.2524 0.2464 0.2576
0.5038 0.4962 0.2469 0.2569 0.2474 0.2488
0.4966 0.5034 0.2424 0.2542 0.2516 0.2518
0.502 0.498 0.259 0.243 0.2471 0.2509
0.5003 0.4997 0.2477 0.2526 0.251 0.2487
0.5008 0.4992 0.2541 0.2467 0.2486 0.2506
0.5011 0.4989 0.2529 0.2482 0.2546 0.2443
0.493 0.507 0.2438 0.2492 0.2532 0.2538
0.4982 0.5018 0.2484 0.2498 0.2513 0.2505
0.5014 0.4986 0.2525 0.2489 0.2518 0.2468
0.4967 0.5033 0.2524 0.2443 0.2498 0.2535
0.4987 0.5013 0.2472 0.2515 0.2485 0.2528
0.492 0.508 0.2475 0.2445 0.2633 0.2447
0.5006 0.4994 0.2504 0.2502 0.2512 0.2482
0.5091 0.4909 0.262 0.2471 0.2495 0.2414
0.5048 0.4952 0.2504 0.2544 0.2548 0.2404
0.5086 0.4914 0.2557 0.2529 0.2422 0.2492
0.5084 0.4916 0.2602 0.2482 0.2414 0.2502
0.5029 0.4971 0.2523 0.2506 0.2452 0.2519
0.5041 0.4959 0.2548 0.2493 0.2404 0.2555
0.5009 0.4991 0.2545 0.2464 0.2504 0.2487
0.5008 0.4992 0.2488 0.252 0.2503 0.2489
0.5015 0.4985 0.2438 0.2577 0.2493 0.2492
0.4995 0.5005 0.2387 0.2608 0.2542 0.2463
0.4968 0.5032 0.2466 0.2502 0.253 0.2502
0.4984 0.5016 0.247 0.2514 0.2467 0.2549
0.4981 0.5019 0.2495 0.2486 0.2437 0.2582
0.4947 0.5053 0.2423 0.2524 0.2544 0.2509
0.4972 0.5028 0.2495 0.2477 0.2466 0.2562
0.4945 0.5055 0.2471 0.2474 0.2501 0.2554
0.492 0.508 0.2431 0.2489 0.258 0.25
0.5008 0.4992 0.2569 0.2439 0.2516 0.2476
0.4964 0.5036 0.2519 0.2445 0.2549 0.2487
0.4938 0.5062 0.2406 0.2532 0.254 0.2522
0.5024 0.4976 0.2492 0.2532 0.2493 0.2483
0.5001 0.4999 0.2457 0.2544 0.2468 0.2531
0.5028 0.4972 0.251 0.2518 0.2477 0.2495
0.4973 0.5027 0.2429 0.2544 0.2519 0.2508
0.4971 0.5029 0.2459 0.2512 0.2485 0.2544
0.4962 0.5038 0.2485 0.2477 0.2545 0.2493
0.5059 0.4941 0.2583 0.2476 0.2449 0.2492
0.4983 0.5017 0.2478 0.2505 0.2524 0.2493
0.506 0.494 0.2511 0.2549 0.2486 0.2454
0.5045 0.4955 0.2525 0.252 0.2497 0.2458
0.4921 0.5079 0.244 0.2481 0.2483 0.2596
0.5136 0.4864 0.2557 0.2579 0.2394 0.247
0.4924 0.5076 0.2422 0.2502 0.2554 0.2522
0.4999 0.5001 0.2498 0.2501 0.2483 0.2518
0.5033 0.4967 0.2599 0.2434 0.2467 0.25
0.4995 0.5005 0.2511 0.2484 0.2517 0.2488
0.504 0.496 0.2513 0.2527 0.2545 0.2415
0.4946 0.5054 0.2484 0.2462 0.2549 0.2505
0.5001 0.4999 0.2478 0.2523 0.2453 0.2546
0.5004 0.4996 0.2546 0.2458 0.2508 0.2488
0.4956 0.5044 0.2448 0.2508 0.2516 0.2528
0.5034 0.4966 0.2515 0.2519 0.251 0.2456
0.4948 0.5052 0.2496 0.2452 0.2544 0.2508
0.5073 0.4927 0.2566 0.2507 0.2465 0.2462
0.5022 0.4978 0.2513 0.2509 0.2452 0.2526
0.4918 0.5082 0.2506 0.2412 0.2517 0.2565
0.4992 0.5008 0.2484 0.2508 0.2513 0.2495
0.4992 0.5008 0.2502 0.249 0.2466 0.2542
0.4985 0.5015 0.2427 0.2558 0.2496 0.2519
0.4968 0.5032 0.2444 0.2524 0.253 0.2502
0.5027 0.4973 0.2566 0.2461 0.2446 0.2527
0.4986 0.5014 0.2495 0.2491 0.2478 0.2536
0.4908 0.5092 0.2421 0.2487 0.2577 0.2515
0.4944 0.5056 0.2433 0.2511 0.2454 0.2602
0.5052 0.4948 0.2498 0.2554 0.2435 0.2513
0.4979 0.5021 0.2528 0.2451 0.2542 0.2479
0.5015 0.4985 0.2495 0.252 0.248 0.2505
0.4958 0.5042 0.2456 0.2502 0.2495 0.2547
0.5035 0.4965 0.254 0.2495 0.2462 0.2503
0.5016 0.4984 0.2497 0.2519 0.2496 0.2488
0.4994 0.5006 0.251 0.2484 0.253 0.2476
0.5001 0.4999 0.25 0.2501 0.2484 0.2515
0.4909 0.5091 0.2417 0.2492 0.2641 0.245
0.4952 0.5048 0.2455 0.2497 0.2558 0.249
0.505 0.495 0.2408 0.2642 0.2533 0.2417
0.4951 0.5049 0.2484 0.2467 0.2494 0.2555
0.4977 0.5023 0.251 0.2467 0.2453 0.257
0.4972 0.5028 0.2518 0.2454 0.2461 0.2567
0.5114 0.4886 0.2487 0.2627 0.241 0.2476
0.4949 0.5051 0.2471 0.2478 0.2507 0.2544
0.5015 0.4985 0.254 0.2475 0.2473 0.2512
0.4932 0.5068 0.2414 0.2518 0.2543 0.2525
0.4924 0.5076 0.2509 0.2415 0.2534 0.2542
0.5027 0.4973 0.2484 0.2543 0.2532 0.2441
0.5006 0.4994 0.2502 0.2504 0.251 0.2484
0.5005 0.4995 0.2441 0.2564 0.2523 0.2472
0.5059 0.4941 0.2525 0.2534 0.2438 0.2503
0.4956 0.5044 0.2441 0.2515 0.2503 0.2541
0.5001 0.4999 0.2493 0.2508 0.2479 0.252
0.506 0.494 0.2558 0.2502 0.2387 0.2553
0.5046 0.4954 0.2484 0.2562 0.2446 0.2508
0.4986 0.5014 0.2481 0.2505 0.2519 0.2495
0.5035 0.4965 0.2606 0.2429 0.2466 0.2499
0.5091 0.4909 0.2548 0.2543 0.2508 0.2401
0.4999 0.5001 0.2472 0.2527 0.247 0.2531
0.4997 0.5003 0.2498 0.2499 0.2506 0.2497
0.4978 0.5022 0.2484 0.2494 0.2442 0.258
0.5076 0.4924 0.257 0.2506 0.2464 0.246
0.4999 0.5001 0.2518 0.2481 0.2574 0.2427
0.494 0.506 0.2485 0.2455 0.2476 0.2584
0.4968 0.5032 0.2479 0.2489 0.2505 0.2527
0.4978 0.5022 0.2487 0.2491 0.2508 0.2514
0.4999 0.5001 0.2477 0.2522 0.2457 0.2544
0.4983 0.5017 0.2465 0.2518 0.2556 0.2461
0.4932 0.5068 0.2439 0.2493 0.2526 0.2542
0.5046 0.4954 0.2533 0.2513 0.2498 0.2456
0.5 0.5 0.2468 0.2532 0.2495 0.2505
0.4974 0.5026 0.2448 0.2526 0.2477 0.2549
0.5047 0.4953 0.2493 0.2554 0.2517 0.2436
0.4914 0.5086 0.2418 0.2496 0.2508 0.2578
0.4959 0.5041 0.2454 0.2505 0.2532 0.2509
0.4953 0.5047 0.2533 0.242 0.2556 0.2491
0.5003 0.4997 0.254 0.2463 0.2527 0.247
0.4987 0.5013 0.2471 0.2516 0.2577 0.2436
0.4969 0.5031 0.2506 0.2463 0.2507 0.2524
0.5062 0.4938 0.2494 0.2568 0.2481 0.2457
0.4984 0.5016 0.2518 0.2466 0.2494 0.2522
0.4968 0.5032 0.2479 0.2489 0.2529 0.2503
0.4989 0.5011 0.2512 0.2477 0.2526 0.2485
0.4991 0.5009 0.2556 0.2435 0.2492 0.2517
0.494 0.506 0.2444 0.2496 0.2457 0.2603
0.5068 0.4932 0.2569 0.2499 0.2491 0.2441
0.504 0.496 0.2536 0.2504 0.25 0.246
0.5023 0.4977 0.2497 0.2526 0.2437 0.254
0.5039 0.4961 0.2564 0.2475 0.2525 0.2436
0.4992 0.5008 0.2522 0.247 0.2527 0.2481
0.5093 0.4907 0.2537 0.2556 0.2374 0.2533
0.5036 0.4964 0.2487 0.2549 0.246 0.2504
0.4995 0.5005 0.2498 0.2497 0.2563 0.2442
0.5057 0.4943 0.253 0.2527 0.2466 0.2477
0.5091 0.4909 0.2615 0.2476 0.25 0.2409
0.4998 0.5002 0.2465 0.2533 0.2447 0.2555
0.4948 0.5052 0.2529 0.2419 0.2455 0.2597
0.4978 0.5022 0.247 0.2508 0.2523 0.2499
0.5014 0.4986 0.2536 0.2478 0.2451 0.2535
0.5023 0.4977 0.2483 0.254 0.2473 0.2504
0.4997 0.5003 0.2468 0.2529 0.2548 0.2455
0.5051 0.4949 0.2522 0.2529 0.2414 0.2535
0.4925 0.5075 0.2476 0.2449 0.2574 0.2501
0.498 0.502 0.2548 0.2432 0.2521 0.2499
0.5002 0.4998 0.2479 0.2523 0.2418 0.258
0.4995 0.5005 0.2523 0.2472 0.253 0.2475
0.4976 0.5024 0.2526 0.245 0.2469 0.2555
0.4962 0.5038 0.2508 0.2454 0.2505 0.2533
0.4962 0.5038 0.251 0.2452 0.2478 0.256
0.4964 0.5036 0.2476 0.2488 0.2481 0.2555
0.4986 0.5014 0.2501 0.2485 0.2525 0.2489
0.5036 0.4964 0.2479 0.2557 0.2509 0.2455
0.4991 0.5009 0.2519 0.2472 0.2506 0.2503
0.5004 0.4996 0.2493 0.2511 0.2463 0.2533
0.4975 0.5025 0.2457 0.2518 0.2443 0.2582
0.5018 0.4982 0.2484 0.2534 0.2465 0.2517
0.5051 0.4949 0.2529 0.2522 0.2478 0.2471
0.5055 0.4945 0.2499 0.2556 0.2471 0.2474
0.511 0.489 0.2538 0.2572 0.2506 0.2384
0.5058 0.4942 0.2538 0.252 0.2513 0.2429
0.5076 0.4924 0.2489 0.2587 0.245 0.2474
0.5006 0.4994 0.251 0.2496 0.2462 0.2532
0.4993 0.5007 0.2552 0.2441 0.2468 0.2539
0.5006 0.4994 0.2554 0.2452 0.2462 0.2532
0.5012 0.4988 0.2498 0.2514 0.2508 0.248
0.5003 0.4997 0.2466 0.2537 0.245 0.2547
0.5063 0.4937 0.254 0.2523 0.2499 0.2438
0.4936 0.5064 0.2505 0.2431 0.2528 0.2536
0.4989 0.5011 0.2388 0.2601 0.2509 0.2502
0.5044 0.4956 0.2539 0.2505 0.2441 0.2515
0.4978 0.5022 0.2527 0.2451 0.2481 0.2541
0.5048 0.4952 0.2577 0.2471 0.2505 0.2447
0.5076 0.4924 0.2551 0.2525 0.25 0.2424
0.4978 0.5022 0.2465 0.2513 0.2536 0.2486
0.4997 0.5003 0.2472 0.2525 0.24 0.2603
0.5044 0.4956 0.2539 0.2505 0.2543 0.2413
0.5003 0.4997 0.2515 0.2488 0.2482 0.2515
0.5071 0.4929 0.2545 0.2526 0.2478 0.2451
0.4945 0.5055 0.2456 0.2489 0.2532 0.2523
0.4987 0.5013 0.2482 0.2505 0.2535 0.2478
0.5054 0.4946 0.2568 0.2486 0.2458 0.2488
0.5024 0.4976 0.262 0.2404 0.2541 0.2435
0.4994 0.5006 0.2499 0.2495 0.2525 0.2481
0.503 0.497 0.2497 0.2533 0.2498 0.2472
0.5095 0.4905 0.2574 0.2521 0.2517 0.2388
0.5069 0.4931 0.2545 0.2524 0.2403 0.2528
0.4982 0.5018 0.2547 0.2435 0.2548 0.247
0.5013 0.4987 0.2422 0.2591 0.2504 0.2483
0.4983 0.5017 0.2528 0.2455 0.2555 0.2462
0.503 0.497 0.2568 0.2462 0.2485 0.2485
0.5054 0.4946 0.2558 0.2496 0.2501 0.2445
0.4963 0.5037 0.2486 0.2477 0.2501 0.2536
0.4909 0.5091 0.2414 0.2495 0.252 0.2571
0.5045 0.4955 0.2605 0.244 0.2474 0.2481
0.5105 0.4895 0.2556 0.2549 0.2424 0.2471
0.5018 0.4982 0.2452 0.2566 0.248 0.2502
0.4988 0.5012 0.2478 0.251 0.2499 0.2513
0.4984 0.5016 0.2508 0.2476 0.2555 0.2461
0.5084 0.4916 0.2561 0.2523 0.25 0.2416
0.4972 0.5028 0.2478 0.2494 0.2548 0.248
0.5121 0.4879 0.2522 0.2599 0.2423 0.2456
0.5009 0.4991 0.25 0.2509 0.2544 0.2447
0.4919 0.5081 0.2446 0.2473 0.2521 0.256
0.51 0.49 0.2488 0.2612 0.2451 0.2449
0.5015 0.4985 0.2517 0.2498 0.2476 0.2509
0.5054 0.4946 0.2507 0.2547 0.2447 0.2499
0.498 0.502 0.2452 0.2528 0.249 0.253
0.4971 0.5029 0.248 0.2491 0.2463 0.2566
0.4977 0.5023 0.2527 0.245 0.2495 0.2528
0.5006 0.4994 0.2522 0.2484 0.2521 0.2473
0.5014 0.4986 0.2512 0.2502 0.2465 0.2521
0.5021 0.4979 0.2517 0.2504 0.2485 0.2494
0.4998 0.5002 0.249 0.2508 0.2473 0.2529
0.4927 0.5073 0.2472 0.2455 0.2502 0.2571
0.5011 0.4989 0.2535 0.2476 0.2524 0.2465
0.497 0.503 0.2545 0.2425 0.2518 0.2512
0.5019 0.4981 0.2559 0.246 0.2599 0.2382
0.4999 0.5001 0.2502 0.2497 0.2475 0.2526
0.5007 0.4993 0.2448 0.2559 0.2484 0.2509
0.4916 0.5084 0.2398 0.2518 0.2517 0.2567
0.5028 0.4972 0.2474 0.2554 0.2478 0.2494
0.5003 0.4997 0.2487 0.2516 0.254 0.2457
0.501 0.499 0.2521 0.2489 0.2503 0.2487
0.5016 0.4984 0.2471 0.2545 0.2494 0.249
0.4959 0.5041 0.2484 0.2475 0.2491 0.255
0.5034 0.4966 0.2436 0.2598 0.2443 0.2523
0.5058 0.4942 0.2497 0.2561 0.2449 0.2493
0.4938 0.5062 0.2468 0.247 0.2561 0.2501
0.5011 0.4989 0.2448 0.2563 0.248 0.2509
0.502 0.498 0.2509 0.2511 0.2452 0.2528
0.4942 0.5058 0.2484 0.2458 0.2546 0.2512
0.4924 0.5076 0.2521 0.2403 0.2541 0.2535
0.4981 0.5019 0.2484 0.2497 0.2475 0.2544
0.5028 0.4972 0.2503 0.2525 0.247 0.2502
0.497 0.503 0.2443 0.2527 0.2548 0.2482
0.5019 0.4981 0.2545 0.2474 0.2407 0.2574
0.5021 0.4979 0.2575 0.2446 0.2464 0.2515
0.5 0.5 0.2494 0.2506 0.2493 0.2507
0.5055 0.4945 0.2504 0.2551 0.2467 0.2478
0.5072 0.4928 0.2545 0.2527 0.2504 0.2424
0.5017 0.4983 0.2559 0.2458 0.2401 0.2582
0.5053 0.4947 0.2559 0.2494 0.2527 0.242
0.4948 0.5052 0.2536 0.2412 0.2542 0.251
0.5052 0.4948 0.2495 0.2557 0.246 0.2488
0.4977 0.5023 0.2536 0.2441 0.2496 0.2527
0.4992 0.5008 0.2503 0.2489 0.2473 0.2535
0.507 0.493 0.2525 0.2545 0.2385 0.2545
0.5023 0.4977 0.254 0.2483 0.2501 0.2476
0.5032 0.4968 0.255 0.2482 0.254 0.2428
0.4992 0.5008 0.2586 0.2406 0.2523 0.2485
0.5003 0.4997 0.2572 0.2431 0.2514 0.2483
0.4976 0.5024 0.25 0.2476 0.2485 0.2539
0.4879 0.5121 0.2459 0.242 0.2565 0.2556
0.4966 0.5034 0.2493 0.2473 0.25 0.2534
0.5004 0.4996 0.2493 0.2511 0.256 0.2436
0.5042 0.4958 0.2512 0.253 0.2446 0.2512
0.4993 0.5007 0.2528 0.2465 0.2537 0.247
0.5025 0.4975 0.2532 0.2493 0.2499 0.2476
0.4989 0.5011 0.2516 0.2473 0.2511 0.25
0.5006 0.4994 0.2476 0.253 0.2468 0.2526
0.4949 0.5051 0.2469 0.248 0.2537 0.2514
0.4989 0.5011 0.2551 0.2438 0.2513 0.2498
0.4963 0.5037 0.2445 0.2518 0.2521 0.2516
0.4974 0.5026 0.2542 0.2432 0.2527 0.2499
0.4974 0.5026 0.2499 0.2475 0.2503 0.2523
0.4999 0.5001 0.245 0.2549 0.2514 0.2487
0.4979 0.5021 0.2512 0.2467 0.2513 0.2508
0.4956 0.5044 0.2426 0.253 0.2536 0.2508
0.4924 0.5076 0.2418 0.2506 0.2481 0.2595
0.4987 0.5013 0.2503 0.2484 0.246 0.2553
0.5082 0.4918 0.254 0.2542 0.2461 0.2457
0.4996 0.5004 0.2544 0.2452 0.2508 0.2496
0.4972 0.5028 0.2489 0.2483 0.2496 0.2532
0.5007 0.4993 0.2553 0.2454 0.2533 0.246
0.4946 0.5054 0.2406 0.254 0.2502 0.2552
0.5033 0.4967 0.2578 0.2455 0.2476 0.2491
0.4943 0.5057 0.2464 0.2479 0.251 0.2547
0.5025 0.4975 0.2493 0.2532 0.2512 0.2463
0.5056 0.4944 0.2564 0.2492 0.2554 0.239
0.5074 0.4926 0.251 0.2564 0.2477 0.2449
0.5092 0.4908 0.2557 0.2535 0.2494 0.2414
0.4994 0.5006 0.2536 0.2458 0.2478 0.2528
0.5058 0.4942 0.2526 0.2532 0.2448 0.2494
0.4965 0.5035 0.2522 0.2443 0.2556 0.2479
0.5017 0.4983 0.2562 0.2455 0.248 0.2503
0.4957 0.5043 0.2509 0.2448 0.249 0.2553
0.4936 0.5064 0.2435 0.2501 0.2513 0.2551
0.5168 0.4832 0.2562 0.2606 0.2465 0.2367
0.4996 0.5004 0.2544 0.2452 0.2471 0.2533
0.5012 0.4988 0.2448 0.2564 0.2503 0.2485
0.5062 0.4938 0.2469 0.2593 0.2488 0.245
0.5012 0.4988 0.2502 0.251 0.2453 0.2535
0.4968 0.5032 0.2519 0.2449 0.2489 0.2543
0.5049 0.4951 0.2514 0.2535 0.2419 0.2532
0.5014 0.4986 0.2543 0.2471 0.2461 0.2525
0.4981 0.5019 0.2491 0.249 0.2515 0.2504
0.4991 0.5009 0.2521 0.247 0.2539 0.247
0.4964 0.5036 0.2521 0.2443 0.2515 0.2521
0.4966 0.5034 0.2515 0.2451 0.244 0.2594
0.5029 0.4971 0.2558 0.2471 0.2451 0.252
0.5026 0.4974 0.2551 0.2475 0.2486 0.2488
0.5068 0.4932 0.2612 0.2456 0.2492 0.244
0.4952 0.5048 0.2488 0.2464 0.2551 0.2497
0.4979 0.5021 0.2504 0.2475 0.2437 0.2584
0.493 0.507 0.2438 0.2492 0.2522 0.2548
0.5013 0.4987 0.2472 0.2541 0.2474 0.2513
0.4998 0.5002 0.2518 0.248 0.2538 0.2464
0.4953 0.5047 0.2461 0.2492 0.2485 0.2562
0.5082 0.4918 0.2562 0.252 0.244 0.2478
0.5017 0.4983 0.2545 0.2472 0.2528 0.2455
0.5028 0.4972 0.2456 0.2572 0.2447 0.2525
0.5032 0.4968 0.2538 0.2494 0.2557 0.2411
0.4993 0.5007 0.2527 0.2466 0.2531 0.2476
0.504 0.496 0.2553 0.2487 0.2497 0.2463
0.5026 0.4974 0.2475 0.2551 0.2491 0.2483
0.4995 0.5005 0.2499 0.2496 0.2493 0.2512
0.5089 0.4911 0.2509 0.258 0.2437 0.2474
0.4967 0.5033 0.246 0.2507 0.2463 0.257
0.5047 0.4953 0.2577 0.247 0.2453 0.25
0.4898 0.5102 0.2457 0.2441 0.2546 0.2556
0.5059 0.4941 0.2459 0.26 0.2483 0.2458
0.4997 0.5003 0.2494 0.2503 0.256 0.2443
0.4928 0.5072 0.2452 0.2476 0.2526 0.2546
0.4954 0.5046 0.2453 0.2501 0.2495 0.2551
0.5074 0.4926 0.2474 0.26 0.247 0.2456
0.4987 0.5013 0.2428 0.2559 0.2511 0.2502
0.4959 0.5041 0.2434 0.2525 0.2532 0.2509
0.4886 0.5114 0.2455 0.2431 0.2547 0.2567
0.5077 0.4923 0.2556 0.2521 0.241 0.2513
0.4909 0.5091 0.2494 0.2415 0.2561 0.253
0.5008 0.4992 0.2498 0.251 0.2482 0.251
0.4963 0.5037 0.2484 0.2479 0.256 0.2477
0.4997 0.5003 0.2462 0.2535 0.2473 0.253
0.5005 0.4995 0.2441 0.2564 0.2472 0.2523
0.494 0.506 0.2485 0.2455 0.249 0.257
0.4981 0.5019 0.2457 0.2524 0.2502 0.2517
0.5002 0.4998 0.2487 0.2515 0.2484 0.2514
0.5041 0.4959 0.2502 0.2539 0.248 0.2479
0.4981 0.5019 0.2428 0.2553 0.2532 0.2487
0.5195 0.4805 0.2567 0.2628 0.2399 0.2406
0.4967 0.5033 0.2476 0.2491 0.2509 0.2524
0.4973 0.5027 0.2475 0.2498 0.2434 0.2593
0.4919 0.5081 0.2487 0.2432 0.2566 0.2515
0.4982 0.5018 0.2429 0.2553 0.2539 0.2479
0.496 0.504 0.2505 0.2455 0.2524 0.2516
0.4961 0.5039 0.2482 0.2479 0.2482 0.2557
0.4971 0.5029 0.252 0.2451 0.2559 0.247
0.5004 0.4996 0.2525 0.2479 0.2505 0.2491
0.4994 0.5006 0.2495 0.2499 0.2473 0.2533
0.5016 0.4984 0.2486 0.253 0.2433 0.2551
0.5136 0.4864 0.2624 0.2512 0.25 0.2364
0.5032 0.4968 0.2416 0.2616 0.2474 0.2494
0.4946 0.5054 0.2459 0.2487 0.2484 0.257
0.5028 0.4972 0.2466 0.2562 0.242 0.2552
0.4985 0.5015 0.2476 0.2509 0.2468 0.2547
0.5005 0.4995 0.2485 0.252 0.2451 0.2544
0.4916 0.5084 0.2535 0.2381 0.2548 0.2536
0.5048 0.4952 0.252 0.2528 0.2467 0.2485
0.5095 0.4905 0.2579 0.2516 0.2479 0.2426
0.5052 0.4948 0.2511 0.2541 0.2393 0.2555
0.5078 0.4922 0.2555 0.2523 0.2495 0.2427
0.4978 0.5022 0.2495 0.2483 0.2492 0.253
0.4999 0.5001 0.2527 0.2472 0.2507 0.2494
0.5011 0.4989 0.2508 0.2503 0.2507 0.2482
0.4969 0.5031 0.2472 0.2497 0.2462 0.2569
0.4933 0.5067 0.2431 0.2502 0.2529 0.2538
0.503 0.497 0.2522 0.2508 0.2522 0.2448
0.5009 0.4991 0.2475 0.2534 0.2464 0.2527
0.5018 0.4982 0.2558 0.246 0.2531 0.2451
0.4959 0.5041 0.2418 0.2541 0.2494 0.2547
0.5002 0.4998 0.2524 0.2478 0.2495 0.2503
0.5071 0.4929 0.253 0.2541 0.2498 0.2431
0.4934 0.5066 0.2505 0.2429 0.2547 0.2519
0.5014 0.4986 0.2535 0.2479 0.2447 0.2539
0.4976 0.5024 0.2473 0.2503 0.2507 0.2517
0.4949 0.5051 0.245 0.2499 0.2558 0.2493
0.4984 0.5016 0.2493 0.2491 0.2528 0.2488
0.4978 0.5022 0.2424 0.2554 0.253 0.2492
0.4955 0.5045 0.2389 0.2566 0.2547 0.2498
0.5039 0.4961 0.2557 0.2482 0.2534 0.2427
0.4971 0.5029 0.2437 0.2534 0.2525 0.2504
0.4989 0.5011 0.2536 0.2453 0.2508 0.2503
0.5094 0.4906 0.2514 0.258 0.2441 0.2465
0.5031 0.4969 0.2523 0.2508 0.2505 0.2464
0.4931 0.5069 0.2442 0.2489 0.2561 0.2508
0.4936 0.5064 0.2503 0.2433 0.2601 0.2463
0.4961 0.5039 0.2563 0.2398 0.2467 0.2572
0.4976 0.5024 0.2448 0.2528 0.2442 0.2582
0.5073 0.4927 0.2582 0.2491 0.2453 0.2474
0.5008 0.4992 0.2476 0.2532 0.2497 0.2495
0.497 0.503 0.2452 0.2518 0.2489 0.2541
0.4967 0.5033 0.2529 0.2438 0.2504 0.2529
0.5019 0.4981 0.2497 0.2522 0.2485 0.2496
0.4951 0.5049 0.2504 0.2447 0.2545 0.2504
0.4996 0.5004 0.2506 0.249 0.2514 0.249
0.4929 0.5071 0.2445 0.2484 0.2564 0.2507
0.4987 0.5013 0.2436 0.2551 0.2542 0.2471
0.4993 0.5007 0.2498 0.2495 0.2485 0.2522
0.4985 0.5015 0.2473 0.2512 0.2515 0.25
0.4974 0.5026 0.2535 0.2439 0.2565 0.2461
0.5016 0.4984 0.2546 0.247 0.2471 0.2513
0.5014 0.4986 0.25 0.2514 0.2534 0.2452
0.4871 0.5129 0.2388 0.2483 0.258 0.2549
0.4972 0.5028 0.2599 0.2373 0.2591 0.2437
0.5076 0.4924 0.2549 0.2527 0.2452 0.2472
0.505 0.495 0.2527 0.2523 0.2467 0.2483
0.4916 0.5084 0.2458 0.2458 0.253 0.2554
0.5014 0.4986 0.2478 0.2536 0.2487 0.2499
0.4967 0.5033 0.2508 0.2459 0.2548 0.2485
0.4947 0.5053 0.2534 0.2413 0.253 0.2523
0.4976 0.5024 0.2527 0.2449 0.2447 0.2577
0.5006 0.4994 0.245 0.2556 0.2455 0.2539
0.5004 0.4996 0.2535 0.2469 0.2486 0.251
0.5063 0.4937 0.2505 0.2558 0.2437 0.25
0.4896 0.5104 0.238 0.2516 0.2581 0.2523
0.5006 0.4994 0.2496 0.251 0.2501 0.2493
0.5044 0.4956 0.2525 0.2519 0.2461 0.2495
0.4989 0.5011 0.2462 0.2527 0.256 0.2451
0.4969 0.5031 0.2548 0.2421 0.2542 0.2489
0.4956 0.5044 0.2434 0.2522 0.2566 0.2478
0.4957 0.5043 0.2462 0.2495 0.2514 0.2529
0.5019 0.4981 0.2595 0.2424 0.2493 0.2488
0.5076 0.4924 0.246 0.2616 0.2448 0.2476
0.4998 0.5002 0.255 0.2448 0.2482 0.252
0.5004 0.4996 0.2536 0.2468 0.2548 0.2448
0.503 0.497 0.2435 0.2595 0.25 0.247
0.4939 0.5061 0.2449 0.249 0.2523 0.2538
0.5066 0.4934 0.2489 0.2577 0.2434 0.25
0.5024 0.4976 0.2539 0.2485 0.2423 0.2553
0.4976 0.5024 0.2504 0.2472 0.2543 0.2481
0.4932 0.5068 0.2498 0.2434 0.2497 0.2571
0.4971 0.5029 0.248 0.2491 0.2475 0.2554
0.4966 0.5034 0.2502 0.2464 0.253 0.2504
0.5014 0.4986 0.2562 0.2452 0.2555 0.2431
0.5009 0.4991 0.2484 0.2525 0.2504 0.2487
0.5014 0.4986 0.2499 0.2515 0.2481 0.2505
0.4949 0.5051 0.2506 0.2443 0.256 0.2491
0.5006 0.4994 0.2558 0.2448 0.2503 0.2491
0.5013 0.4987 0.2463 0.255 0.2547 0.244
0.4989 0.5011 0.2521 0.2468 0.2554 0.2457
0.5041 0.4959 0.2511 0.253 0.2495 0.2464
0.4983 0.5017 0.2557 0.2426 0.2447 0.257
0.4907 0.5093 0.243 0.2477 0.2528 0.2565
0.4982 0.5018 0.2467 0.2515 0.2502 0.2516
0.4978 0.5022 0.2468 0.251 0.2501 0.2521
0.5019 0.4981 0.248 0.2539 0.2504 0.2477
0.5051 0.4949 0.2535 0.2516 0.2468 0.2481
0.5014 0.4986 0.2444 0.257 0.2478 0.2508
0.4896 0.5104 0.242 0.2476 0.2489 0.2615
0.5052 0.4948 0.2554 0.2498 0.2472 0.2476
0.499 0.501 0.2476 0.2514 0.2533 0.2477
0.4984 0.5016 0.2485 0.2499 0.2528 0.2488
0.4966 0.5034 0.244 0.2526 0.2516 0.2518
0.5015 0.4985 0.2475 0.254 0.2515 0.247
0.5018 0.4982 0.2536 0.2482 0.2512 0.247
0.5058 0.4942 0.2504 0.2554 0.2471 0.2471
0.4967 0.5033 0.2497 0.247 0.2517 0.2516
0.4984 0.5016 0.2484 0.25 0.2485 0.2531
0.498 0.502 0.2491 0.2489 0.2497 0.2523
0.5068 0.4932 0.2546 0.2522 0.2454 0.2478
0.5065 0.4935 0.253 0.2535 0.2466 0.2469
0.5083 0.4917 0.2535 0.2548 0.2497 0.242
0.4991 0.5009 0.2476 0.2515 0.2481 0.2528
0.5062 0.4938 0.2503 0.2559 0.2508 0.243
0.4964 0.5036 0.2532 0.2432 0.2552 0.2484
0.5002 0.4998 0.254 0.2462 0.256 0.2438
0.4993 0.5007 0.2512 0.2481 0.2531 0.2476
0.5034 0.4966 0.2544 0.249 0.2485 0.2481
0.5062 0.4938 0.2555 0.2507 0.245 0.2488
0.5034 0.4966 0.2485 0.2549 0.245 0.2516
0.4988 0.5012 0.2499 0.2489 0.2492 0.252
0.5043 0.4957 0.2548 0.2495 0.2513 0.2444
0.5092 0.4908 0.2529 0.2563 0.2434 0.2474
0.5033 0.4967 0.2542 0.2491 0.2469 0.2498
0.4993 0.5007 0.2504 0.2489 0.2509 0.2498
0.5001 0.4999 0.2485 0.2516 0.246 0.2539
0.4905 0.5095 0.2417 0.2488 0.2491 0.2604
0.5055 0.4945 0.2514 0.2541 0.2471 0.2474
0.4905 0.5095 0.2464 0.2441 0.2509 0.2586
0.5026 0.4974 0.2425 0.2601 0.251 0.2464
0.4895 0.5105 0.2465 0.243 0.2622 0.2483
0.4953 0.5047 0.2438 0.2515 0.248 0.2567
0.5044 0.4956 0.2451 0.2593 0.2488 0.2468
0.4974 0.5026 0.254 0.2434 0.2506 0.252
0.4995 0.5005 0.2498 0.2497 0.2464 0.2541
0.4977 0.5023 0.2562 0.2415 0.2489 0.2534
0.5044 0.4956 0.2546 0.2498 0.2486 0.247
0.4982 0.5018 0.2527 0.2455 0.2528 0.249
0.5014 0.4986 0.2516 0.2498 0.2453 0.2533
0.5047 0.4953 0.2497 0.255 0.2526 0.2427
0.5009 0.4991 0.2549 0.246 0.2465 0.2526
0.5052 0.4948 0.253 0.2522 0.2477 0.2471
0.5026 0.4974 0.2533 0.2493 0.2521 0.2453
0.5014 0.4986 0.2487 0.2527 0.2466 0.252
0.4991 0.5009 0.2512 0.2479 0.2499 0.251
0.4943 0.5057 0.2526 0.2417 0.2541 0.2516
0.495 0.505 0.2458 0.2492 0.2585 0.2465
0.4972 0.5028 0.2425 0.2547 0.2513 0.2515
0.4942 0.5058 0.2401 0.2541 0.2555 0.2503
0.4972 0.5028 0.2526 0.2446 0.2524 0.2504
0.493 0.507 0.2374 0.2556 0.2492 0.2578
0.5061 0.4939 0.2544 0.2517 0.2498 0.2441
0.4964 0.5036 0.2526 0.2438 0.2589 0.2447
0.5003 0.4997 0.2583 0.242 0.2486 0.2511
0.5053 0.4947 0.2494 0.2559 0.2445 0.2502
0.5009 0.4991 0.2453 0.2556 0.2464 0.2527
0.4947 0.5053 0.2469 0.2478 0.2521 0.2532
0.4976 0.5024 0.2494 0.2482 0.2545 0.2479
0.4909 0.5091 0.2454 0.2455 0.2553 0.2538
0.4971 0.5029 0.2507 0.2464 0.2555 0.2474
0.4969 0.5031 0.2482 0.2487 0.2481 0.255
0.4999 0.5001 0.2457 0.2542 0.2502 0.2499
0.5036 0.4964 0.2564 0.2472 0.248 0.2484
0.504 0.496 0.2464 0.2576 0.2484 0.2476
0.4994 0.5006 0.2436 0.2558 0.2529 0.2477
0.4944 0.5056 0.2447 0.2497 0.2535 0.2521
0.5077 0.4923 0.257 0.2507 0.2488 0.2435
0.4874 0.5126 0.2391 0.2483 0.2658 0.2468
0.5058 0.4942 0.2457 0.2601 0.2462 0.248
0.5039 0.4961 0.2433 0.2606 0.2474 0.2487
0.499 0.501 0.2514 0.2476 0.2499 0.2511
0.4997 0.5003 0.2511 0.2486 0.2509 0.2494
0.5077 0.4923 0.2526 0.2551 0.2493 0.243
0.4958 0.5042 0.2502 0.2456 0.2485 0.2557
0.5012 0.4988 0.2512 0.25 0.2521 0.2467
0.4997 0.5003 0.2447 0.255 0.2497 0.2506
0.5005 0.4995 0.2495 0.251 0.2496 0.2499
0.4955 0.5045 0.2476 0.2479 0.255 0.2495
0.5006 0.4994 0.2478 0.2528 0.2437 0.2557
0.4973 0.5027 0.2518 0.2455 0.2506 0.2521
0.4956 0.5044 0.2508 0.2448 0.2518 0.2526
0.508 0.492 0.2561 0.2519 0.2479 0.2441
0.5038 0.4962 0.2498 0.254 0.2505 0.2457
0.5038 0.4962 0.2514 0.2524 0.2467 0.2495
0.4983 0.5017 0.2497 0.2486 0.2516 0.2501
0.499 0.501 0.2511 0.2479 0.2472 0.2538
0.5017 0.4983 0.253 0.2487 0.2481 0.2502
0.502 0.498 0.2478 0.2542 0.2498 0.2482
0.4955 0.5045 0.2533 0.2422 0.2537 0.2508
0.4942 0.5058 0.2439 0.2503 0.2554 0.2504
0.4976 0.5024 0.2494 0.2482 0.2493 0.2531
0.5055 0.4945 0.2498 0.2557 0.2494 0.2451
0.5008 0.4992 0.2514 0.2494 0.2457 0.2535
0.4992 0.5008 0.2538 0.2454 0.2531 0.2477
0.5015 0.4985 0.2548 0.2467 0.2512 0.2473
0.4981 0.5019 0.2483 0.2498 0.2484 0.2535
0.4988 0.5012 0.2494 0.2494 0.2457 0.2555
0.4945 0.5055 0.2507 0.2438 0.26 0.2455
0.501 0.499 0.2513 0.2497 0.2478 0.2512
0.501 0.499 0.2527 0.2483 0.2505 0.2485
0.5035 0.4965 0.2495 0.254 0.2483 0.2482
0.5065 0.4935 0.2595 0.247 0.2522 0.2413
0.5023 0.4977 0.2577 0.2446 0.2462 0.2515
0.4907 0.5093 0.2468 0.2439 0.2623 0.247
0.5074 0.4926 0.2564 0.251 0.2522 0.2404
0.502 0.498 0.2456 0.2564 0.2487 0.2493
0.4932 0.5068 0.2472 0.246 0.2533 0.2535
0.5039 0.4961 0.25 0.2539 0.2462 0.2499
0.4984 0.5016 0.2507 0.2477 0.2474 0.2542
0.5009 0.4991 0.2473 0.2536 0.2493 0.2498
0.4991 0.5009 0.2519 0.2472 0.2489 0.252
0.4992 0.5008 0.2492 0.25 0.2463 0.2545
0.5044 0.4956 0.2552 0.2492 0.2527 0.2429
0.5087 0.4913 0.2525 0.2562 0.2521 0.2392
0.494 0.506 0.2478 0.2462 0.2557 0.2503
0.5073 0.4927 0.2508 0.2565 0.2533 0.2394
0.5106 0.4894 0.2653 0.2453 0.2499 0.2395
0.5017 0.4983 0.2547 0.247 0.2469 0.2514
0.4909 0.5091 0.2413 0.2496 0.2618 0.2473
0.498 0.502 0.2545 0.2435 0.2506 0.2514
0.508 0.492 0.2566 0.2514 0.2458 0.2462
0.4965 0.5035 0.2482 0.2483 0.2507 0.2528
0.5054 0.4946 0.2494 0.256 0.2466 0.248
0.4917 0.5083 0.2455 0.2462 0.2564 0.2519
0.5029 0.4971 0.2559 0.247 0.2524 0.2447
0.5004 0.4996 0.2555 0.2449 0.2455 0.2541
0.5003 0.4997 0.2585 0.2418 0.2478 0.2519
0.5018 0.4982 0.2551 0.2467 0.2515 0.2467
0.4989 0.5011 0.2562 0.2427 0.2528 0.2483
0.4997 0.5003 0.2493 0.2504 0.245 0.2553
0.5096 0.4904 0.2582 0.2514 0.2495 0.2409
0.4945 0.5055 0.25 0.2445 0.2456 0.2599
0.4975 0.5025 0.2474 0.2501 0.2519 0.2506
0.4965 0.5035 0.2498 0.2467 0.2513 0.2522
0.5029 0.4971 0.2445 0.2584 0.2421 0.255
0.5059 0.4941 0.2491 0.2568 0.2534 0.2407
0.5083 0.4917 0.2508 0.2575 0.2429 0.2488
0.5032 0.4968 0.2484 0.2548 0.2549 0.2419
0.4972 0.5028 0.2484 0.2488 0.2522 0.2506
0.4966 0.5034 0.2486 0.248 0.254 0.2494
0.4993 0.5007 0.2458 0.2535 0.2438 0.2569
0.5088 0.4912 0.2572 0.2516 0.2478 0.2434
0.4984 0.5016 0.249 0.2494 0.2499 0.2517
0.4933 0.5067 0.2503 0.243 0.2621 0.2446
0.4949 0.5051 0.2439 0.251 0.2471 0.258
0.5051 0.4949 0.2523 0.2528 0.2473 0.2476
0.5055 0.4945 0.255 0.2505 0.2466 0.2479
0.5093 0.4907 0.2557 0.2536 0.2415 0.2492
0.5089 0.4911 0.2565 0.2524 0.2515 0.2396
0.5039 0.4961 0.2596 0.2443 0.2522 0.2439
0.5053 0.4947 0.2486 0.2567 0.2491 0.2456
0.4999 0.5001 0.2465 0.2534 0.2454 0.2547
0.5003 0.4997 0.2551 0.2452 0.2519 0.2478
0.4978 0.5022 0.2477 0.2501 0.258 0.2442
0.4915 0.5085 0.2475 0.244 0.2582 0.2503
0.4993 0.5007 0.2494 0.2499 0.2441 0.2566
0.4985 0.5015 0.2474 0.2511 0.2541 0.2474
0.4994 0.5006 0.2521 0.2473 0.2487 0.2519
0.4941 0.5059 0.2487 0.2454 0.2581 0.2478
0.4965 0.5035 0.2522 0.2443 0.2545 0.249
0.5024 0.4976 0.2531 0.2493 0.2558 0.2418
0.4969 0.5031 0.2468 0.2501 0.2566 0.2465
0.5026 0.4974 0.2516 0.251 0.2473 0.2501
0.4959 0.5041 0.2479 0.248 0.2529 0.2512
0.4998 0.5002 0.2525 0.2473 0.2464 0.2538
0.5074 0.4926 0.2539 0.2535 0.2432 0.2494
0.5 0.5 0.2514 0.2486 0.2468 0.2532
0.4992 0.5008 0.2538 0.2454 0.2493 0.2515
0.4934 0.5066 0.2472 0.2462 0.2455 0.2611
0.501 0.499 0.2511 0.2499 0.2498 0.2492
0.4974 0.5026 0.2525 0.2449 0.2535 0.2491
0.4969 0.5031 0.2479 0.249 0.2537 0.2494
0.4982 0.5018 0.2525 0.2457 0.2522 0.2496
0.5044 0.4956 0.2516 0.2528 0.2477 0.2479
0.4949 0.5051 0.2494 0.2455 0.2513 0.2538
0.5092 0.4908 0.2551 0.2541 0.2412 0.2496
0.5066 0.4934 0.2557 0.2509 0.247 0.2464
0.5002 0.4998 0.2529 0.2473 0.2547 0.2451
0.5078 0.4922 0.255 0.2528 0.2424 0.2498
0.4979 0.5021 0.2457 0.2522 0.2477 0.2544
0.508 0.492 0.2573 0.2507 0.2492 0.2428
0.5102 0.4898 0.2621 0.2481 0.2451 0.2447
0.4988 0.5012 0.2514 0.2474 0.2491 0.2521
0.5055 0.4945 0.2529 0.2526 0.2401 0.2544
0.4974 0.5026 0.2491 0.2483 0.2473 0.2553
0.5009 0.4991 0.2502 0.2507 0.2513 0.2478
0.497 0.503 0.248 0.249 0.2466 0.2564
0.4947 0.5053 0.248 0.2467 0.2547 0.2506
0.501 0.499 0.2528 0.2482 0.2469 0.2521
0.5024 0.4976 0.249 0.2534 0.253 0.2446
0.5043 0.4957 0.2481 0.2562 0.2479 0.2478
0.5096 0.4904 0.2582 0.2514 0.2455 0.2449
0.4985 0.5015 0.2516 0.2469 0.2462 0.2553
0.5079 0.4921 0.2564 0.2515 0.2449 0.2472
0.4985 0.5015 0.2488 0.2497 0.2491 0.2524
0.51 0.49 0.2535 0.2565 0.2474 0.2426
0.4932 0.5068 0.2497 0.2435 0.2485 0.2583
0.502 0.498 0.2508 0.2512 0.2471 0.2509
0.4987 0.5013 0.2503 0.2484 0.2509 0.2504
0.5052 0.4948 0.2536 0.2516 0.2424 0.2524
0.4945 0.5055 0.2462 0.2483 0.2575 0.248
0.494 0.506 0.2431 0.2509 0.2527 0.2533
0.4975 0.5025 0.2462 0.2513 0.2517 0.2508
0.4908 0.5092 0.2502 0.2406 0.2508 0.2584
0.4927 0.5073 0.2538 0.2389 0.2482 0.2591
0.5057 0.4943 0.2535 0.2522 0.2496 0.2447
0.4977 0.5023 0.2497 0.248 0.2549 0.2474
0.5085 0.4915 0.2491 0.2594 0.2563 0.2352
0.4985 0.5015 0.2462 0.2523 0.2467 0.2548
0.4999 0.5001 0.2471 0.2528 0.25 0.2501
0.5005 0.4995 0.2477 0.2528 0.2494 0.2501
0.4979 0.5021 0.2468 0.2511 0.2487 0.2534
0.5033 0.4967 0.2546 0.2487 0.2469 0.2498
0.4994 0.5006 0.2524 0.247 0.2568 0.2438
0.4933 0.5067 0.246 0.2473 0.2533 0.2534
0.4936 0.5064 0.2492 0.2444 0.2507 0.2557
0.5014 0.4986 0.2471 0.2543 0.2548 0.2438
0.5076 0.4924 0.2571 0.2505 0.245 0.2474
0.4967 0.5033 0.2518 0.2449 0.2525 0.2508
0.5081 0.4919 0.2528 0.2553 0.2456 0.2463
0.5015 0.4985 0.2509 0.2506 0.2509 0.2476
0.5099 0.4901 0.2565 0.2534 0.2527 0.2374
0.5084 0.4916 0.257 0.2514 0.2416 0.25
0.4969 0.5031 0.2473 0.2496 0.2484 0.2547
0.5081 0.4919 0.2568 0.2513 0.2466 0.2453
0.4974 0.5026 0.2401 0.2573 0.2557 0.2469
0.5009 0.4991 0.2457 0.2552 0.2524 0.2467
0.4987 0.5013 0.2476 0.2511 0.251 0.2503
0.5053 0.4947 0.2518 0.2535 0.2475 0.2472
0.5027 0.4973 0.2539 0.2488 0.2465 0.2508
0.5001 0.4999 0.2466 0.2535 0.2479 0.252
0.5005 0.4995 0.2495 0.251 0.2437 0.2558
0.5046 0.4954 0.257 0.2476 0.2468 0.2486
0.5082 0.4918 0.2569 0.2513 0.2472 0.2446
0.5045 0.4955 0.2592 0.2453 0.2483 0.2472
0.5063 0.4937 0.2442 0.2621 0.249 0.2447
0.5063 0.4937 0.2564 0.2499 0.247 0.2467
0.5012 0.4988 0.2501 0.2511 0.246 0.2528
0.493 0.507 0.2454 0.2476 0.2481 0.2589
0.4901 0.5099 0.2426 0.2475 0.2566 0.2533
0.5018 0.4982 0.2504 0.2514 0.2521 0.2461
0.4991 0.5009 0.2471 0.252 0.253 0.2479
0.5021 0.4979 0.2525 0.2496 0.247 0.2509
0.4998 0.5002 0.2513 0.2485 0.2535 0.2467
0.5078 0.4922 0.2615 0.2463 0.2379 0.2543
0.4904 0.5096 0.2424 0.248 0.2509 0.2587
0.4899 0.5101 0.2453 0.2446 0.2495 0.2606
0.5023 0.4977 0.242 0.2603 0.2502 0.2475
0.5093 0.4907 0.2503 0.259 0.2468 0.2439
0.506 0.494 0.2438 0.2622 0.25 0.244
0.4972 0.5028 0.2436 0.2536 0.249 0.2538
0.4976 0.5024 0.2487 0.2489 0.2451 0.2573
0.497 0.503 0.2433 0.2537 0.2526 0.2504
0.5056 0.4944 0.2538 0.2518 0.246 0.2484
0.5028 0.4972 0.2444 0.2584 0.2453 0.2519
0.5039 0.4961 0.2566 0.2473 0.2538 0.2423
0.4901 0.5099 0.2504 0.2397 0.2642 0.2457
0.4916 0.5084 0.244 0.2476 0.2463 0.2621
0.5048 0.4952 0.2513 0.2535 0.2439 0.2513
0.5008 0.4992 0.2425 0.2583 0.2429 0.2563
0.4956 0.5044 0.2515 0.2441 0.2537 0.2507
0.4945 0.5055 0.2508 0.2437 0.2521 0.2534
0.5029 0.4971 0.2495 0.2534 0.2436 0.2535
0.4994 0.5006 0.2477 0.2517 0.2501 0.2505
0.4993 0.5007 0.247 0.2523 0.254 0.2467
0.497 0.503 0.2492 0.2478 0.2538 0.2492
0.4951 0.5049 0.2379 0.2572 0.2514 0.2535
0.5026 0.4974 0.2535 0.2491 0.2465 0.2509
0.4952 0.5048 0.2431 0.2521 0.2565 0.2483
0.5006 0.4994 0.2493 0.2513 0.2504 0.249
0.4892 0.5108 0.2415 0.2477 0.2577 0.2531
0.4991 0.5009 0.2489 0.2502 0.2539 0.247
0.4989 0.5011 0.2487 0.2502 0.252 0.2491
0.5039 0.4961 0.2463 0.2576 0.2449 0.2512
0.5039 0.4961 0.248 0.2559 0.2496 0.2465
0.4969 0.5031 0.2465 0.2504 0.2529 0.2502
0.4966 0.5034 0.2415 0.2551 0.2552 0.2482
0.4923 0.5077 0.2473 0.245 0.2536 0.2541
0.5059 0.4941 0.2552 0.2507 0.2412 0.2529
0.4974 0.5026 0.2479 0.2495 0.256 0.2466
0.4889 0.5111 0.2432 0.2457 0.2614 0.2497
0.5095 0.4905 0.2527 0.2568 0.2507 0.2398
0.4996 0.5004 0.2484 0.2512 0.257 0.2434
0.508 0.492 0.2555 0.2525 0.2453 0.2467
0.5071 0.4929 0.2575 0.2496 0.2435 0.2494
0.4997 0.5003 0.2464 0.2533 0.2485 0.2518
0.4969 0.5031 0.247 0.2499 0.2519 0.2512
0.4925 0.5075 0.2426 0.2499 0.2605 0.247
0.4978 0.5022 0.2468 0.251 0.2507 0.2515
0.4922 0.5078 0.2522 0.24 0.2584 0.2494
0.4997 0.5003 0.251 0.2487 0.253 0.2473
0.4956 0.5044 0.2508 0.2448 0.2518 0.2526
0.5008 0.4992 0.2535 0.2473 0.2508 0.2484
0.5082 0.4918 0.2575 0.2507 0.2401 0.2517
0.4956 0.5044 0.2499 0.2457 0.2547 0.2497
0.4995 0.5005 0.2381 0.2614 0.2497 0.2508
0.495 0.505 0.2451 0.2499 0.2507 0.2543
0.5032 0.4968 0.2487 0.2545 0.2509 0.2459
0.5049 0.4951 0.2477 0.2572 0.2449 0.2502
0.5087 0.4913 0.2557 0.253 0.2454 0.2459
0.5043 0.4957 0.2484 0.2559 0.2488 0.2469
0.5002 0.4998 0.2506 0.2496 0.2561 0.2437
0.4889 0.5111 0.2425 0.2464 0.2574 0.2537
0.4997 0.5003 0.2497 0.25 0.2562 0.2441
0.5025 0.4975 0.2539 0.2486 0.2432 0.2543
0.4931 0.5069 0.2499 0.2432 0.2564 0.2505
0.5053 0.4947 0.2515 0.2538 0.2525 0.2422
0.5002 0.4998 0.2483 0.2519 0.2511 0.2487
0.4964 0.5036 0.2505 0.2459 0.2559 0.2477
0.5055 0.4945 0.2552 0.2503 0.2484 0.2461
0.5144 0.4856 0.2557 0.2587 0.2497 0.2359
0.4996 0.5004 0.2489 0.2507 0.2528 0.2476
0.4944 0.5056 0.2505 0.2439 0.2495 0.2561
0.5034 0.4966 0.2518 0.2516 0.2478 0.2488
0.501 0.499 0.2542 0.2468 0.2475 0.2515
0.499 0.501 0.2528 0.2462 0.2504 0.2506
0.495 0.505 0.2484 0.2466 0.2544 0.2506
0.4952 0.5048 0.2497 0.2455 0.2548 0.25
0.4963 0.5037 0.2472 0.2491 0.2556 0.2481
0.4984 0.5016 0.2524 0.246 0.2517 0.2499
0.508 0.492 0.252 0.256 0.248 0.244
0.5095 0.4905 0.2558 0.2537 0.2409 0.2496
0.4963 0.5037 0.2504 0.2459 0.2489 0.2548
0.5045 0.4955 0.2568 0.2477 0.247 0.2485
0.5019 0.4981 0.25 0.2519 0.2545 0.2436
0.4965 0.5035 0.2483 0.2482 0.2524 0.2511
0.501 0.499 0.2552 0.2458 0.2439 0.2551
0.5023 0.4977 0.2494 0.2529 0.2425 0.2552
0.4904 0.5096 0.2512 0.2392 0.2571 0.2525
0.498 0.502 0.2517 0.2463 0.2475 0.2545
0.5012 0.4988 0.2459 0.2553 0.2421 0.2567
0.5075 0.4925 0.2524 0.2551 0.2435 0.249
0.5026 0.4974 0.2435 0.2591 0.2456 0.2518
0.501 0.499 0.2494 0.2516 0.2478 0.2512
0.4971 0.5029 0.2465 0.2506 0.2507 0.2522
0.4963 0.5037 0.2525 0.2438 0.25 0.2537
0.5027 0.4973 0.2514 0.2513 0.2483 0.249
0.499 0.501 0.2481 0.2509 0.2523 0.2487
0.4939 0.5061 0.2444 0.2495 0.2496 0.2565
0.5035 0.4965 0.2464 0.2571 0.2488 0.2477
0.5031 0.4969 0.2519 0.2512 0.252 0.2449
0.4981 0.5019 0.2463 0.2518 0.2469 0.255
0.5059 0.4941 0.2495 0.2564 0.2511 0.243
0.5004 0.4996 0.2502 0.2502 0.2473 0.2523
0.4975 0.5025 0.2419 0.2556 0.2496 0.2529
0.4992 0.5008 0.2503 0.2489 0.2527 0.2481
0.4915 0.5085 0.2407 0.2508 0.2543 0.2542
0.4968 0.5032 0.2465 0.2503 0.2576 0.2456
0.5003 0.4997 0.2507 0.2496 0.2513 0.2484
0.4924 0.5076 0.248 0.2444 0.2516 0.256
0.4982 0.5018 0.2501 0.2481 0.2593 0.2425
0.5001 0.4999 0.2513 0.2488 0.2497 0.2502
0.503 0.497 0.2508 0.2522 0.2494 0.2476
0.5059 0.4941 0.242 0.2639 0.2445 0.2496
0.5052 0.4948 0.2503 0.2549 0.243 0.2518
0.5 0.5 0.2499 0.2501 0.2475 0.2525
0.4927 0.5073 0.2429 0.2498 0.2568 0.2505
0.5112 0.4888 0.2497 0.2615 0.2506 0.2382
0.4899 0.5101 0.2478 0.2421 0.25 0.2601
0.4976 0.5024 0.2449 0.2527 0.252 0.2504
0.5001 0.4999 0.254 0.2461 0.2516 0.2483
0.4926 0.5074 0.2451 0.2475 0.2494 0.258
0.5035 0.4965 0.2524 0.2511 0.2456 0.2509
0.5029 0.4971 0.2517 0.2512 0.2536 0.2435
0.5034 0.4966 0.2559 0.2475 0.254 0.2426
0.4899 0.5101 0.2429 0.247 0.2545 0.2556
0.4977 0.5023 0.2474 0.2503 0.2546 0.2477
0.499 0.501 0.2493 0.2497 0.254 0.247
0.4965 0.5035 0.2533 0.2432 0.2518 0.2517
0.4988 0.5012 0.2502 0.2486 0.2477 0.2535
0.4997 0.5003 0.2456 0.2541 0.2573 0.243
0.5025 0.4975 0.252 0.2505 0.2498 0.2477
0.4977 0.5023 0.2458 0.2519 0.2555 0.2468
0.5052 0.4948 0.2559 0.2493 0.2457 0.2491
0.5078 0.4922 0.2586 0.2492 0.2489 0.2433
0.4996 0.5004 0.2464 0.2532 0.2554 0.245
0.5043 0.4957 0.2471 0.2572 0.2544 0.2413
0.4972 0.5028 0.2527 0.2445 0.2531 0.2497
0.4956 0.5044 0.245 0.2506 0.2591 0.2453
0.5089 0.4911 0.259 0.2499 0.2473 0.2438
0.4997 0.5003 0.2471 0.2526 0.2493 0.251
0.5033 0.4967 0.2502 0.2531 0.248 0.2487
0.5061 0.4939 0.249 0.2571 0.2514 0.2425
0.5022 0.4978 0.2515 0.2507 0.2534 0.2444
0.4954 0.5046 0.2505 0.2449 0.2477 0.2569
0.4961 0.5039 0.2476 0.2485 0.2557 0.2482
0.501 0.499 0.2449 0.2561 0.2533 0.2457
0.499 0.501 0.2472 0.2518 0.2536 0.2474
0.4988 0.5012 0.2492 0.2496 0.2524 0.2488
0.5056 0.4944 0.2467 0.2589 0.249 0.2454
0.5001 0.4999 0.2489 0.2512 0.2547 0.2452
0.4959 0.5041 0.2433 0.2526 0.2473 0.2568
0.498 0.502 0.2477 0.2503 0.2482 0.2538
0.5015 0.4985 0.2515 0.25 0.2514 0.2471
0.495 0.505 0.25 0.245 0.2498 0.2552
0.4944 0.5056 0.2423 0.2521 0.2438 0.2618
0.499 0.501 0.2491 0.2499 0.2562 0.2448
0.4966 0.5034 0.246 0.2506 0.2543 0.2491
0.499 0.501 0.2455 0.2535 0.2557 0.2453
0.4953 0.5047 0.2475 0.2478 0.2462 0.2585
0.5009 0.4991 0.2522 0.2487 0.2491 0.25
0.51 0.49 0.2498 0.2602 0.2432 0.2468
0.4955 0.5045 0.242 0.2535 0.251 0.2535
0.4986 0.5014 0.2452 0.2534 0.2419 0.2595
0.495 0.505 0.2506 0.2444 0.2573 0.2477
0.5047 0.4953 0.2559 0.2488 0.2449 0.2504
0.4998 0.5002 0.2442 0.2556 0.2514 0.2488
0.5085 0.4915 0.2572 0.2513 0.2506 0.2409
0.4919 0.5081 0.2468 0.2451 0.2494 0.2587
0.501 0.499 0.2506 0.2504 0.2603 0.2387
0.4982 0.5018 0.2523 0.2459 0.248 0.2538
0.4971 0.5029 0.2506 0.2465 0.2579 0.245
0.5081 0.4919 0.2554 0.2527 0.2454 0.2465
0.493 0.507 0.2506 0.2424 0.2557 0.2513
0.5017 0.4983 0.2562 0.2455 0.2531 0.2452
0.5125 0.4875 0.2573 0.2552 0.2457 0.2418
0.5101 0.4899 0.2568 0.2533 0.2446 0.2453
0.4928 0.5072 0.2496 0.2432 0.2534 0.2538
0.4976 0.5024 0.2516 0.246 0.2461 0.2563
0.498 0.502 0.2492 0.2488 0.2506 0.2514
0.5068 0.4932 0.2584 0.2484 0.2535 0.2397
0.4978 0.5022 0.2472 0.2506 0.2418 0.2604
0.4938 0.5062 0.2456 0.2482 0.2552 0.251
0.4978 0.5022 0.2507 0.2471 0.2522 0.25
0.5044 0.4956 0.2597 0.2447 0.2539 0.2417
0.4977 0.5023 0.2466 0.2511 0.2481 0.2542
0.4989 0.5011 0.246 0.2529 0.2504 0.2507
0.5047 0.4953 0.2481 0.2566 0.2465 0.2488
0.5076 0.4924 0.2548 0.2528 0.2479 0.2445
0.496 0.504 0.2517 0.2443 0.2523 0.2517
0.5002 0.4998 0.2523 0.2479 0.2492 0.2506
0.4996 0.5004 0.2567 0.2429 0.2495 0.2509
0.5018 0.4982 0.2556 0.2462 0.2455 0.2527
0.5064 0.4936 0.2535 0.2529 0.2473 0.2463
0.507 0.493 0.2503 0.2567 0.2502 0.2428
0.4999 0.5001 0.2478 0.2521 0.2513 0.2488
0.5015 0.4985 0.2523 0.2492 0.2481 0.2504
0.4994 0.5006 0.2457 0.2537 0.2519 0.2487
0.5058 0.4942 0.2487 0.2571 0.2458 0.2484
0.4994 0.5006 0.2485 0.2509 0.2452 0.2554
0.5056 0.4944 0.2531 0.2525 0.2472 0.2472
0.4964 0.5036 0.2439 0.2525 0.2513 0.2523
0.4964 0.5036 0.2461 0.2503 0.2511 0.2525
0.4885 0.5115 0.2415 0.247 0.2551 0.2564
0.5009 0.4991 0.2531 0.2478 0.2484 0.2507
0.4993 0.5007 0.2463 0.253 0.2474 0.2533
0.5032 0.4968 0.2549 0.2483 0.2506 0.2462
0.5012 0.4988 0.2481 0.2531 0.2535 0.2453
0.5003 0.4997 0.2494 0.2509 0.2506 0.2491
0.5099 0.4901 0.247 0.2629 0.2458 0.2443
0.4991 0.5009 0.2454 0.2537 0.242 0.2589
0.5022 0.4978 0.2516 0.2506 0.2482 0.2496
0.5055 0.4945 0.2516 0.2539 0.2492 0.2453
0.5006 0.4994 0.2498 0.2508 0.2502 0.2492
0.4975 0.5025 0.2473 0.2502 0.2519 0.2506
0.4945 0.5055 0.2481 0.2464 0.2439 0.2616
0.4958 0.5042 0.2445 0.2513 0.2511 0.2531
0.5148 0.4852 0.2581 0.2567 0.245 0.2402
0.499 0.501 0.2524 0.2466 0.2499 0.2511
0.4966 0.5034 0.2456 0.251 0.2528 0.2506
0.4967 0.5033 0.2462 0.2505 0.2456 0.2577
0.5038 0.4962 0.2519 0.2519 0.2444 0.2518
0.5036 0.4964 0.2482 0.2554 0.2491 0.2473
0.4897 0.5103 0.2516 0.2381 0.2546 0.2557
0.5082 0.4918 0.2529 0.2553 0.2438 0.248
0.5012 0.4988 0.2552 0.246 0.2438 0.255
0.501 0.499 0.2511 0.2499 0.2481 0.2509
0.4934 0.5066 0.2506 0.2428 0.25 0.2566
0.5047 0.4953 0.2544 0.2503 0.2492 0.2461
0.4977 0.5023 0.2385 0.2592 0.2538 0.2485
0.5001 0.4999 0.2486 0.2515 0.2426 0.2573
0.5029 0.4971 0.2477 0.2552 0.2483 0.2488
0.5003 0.4997 0.2443 0.256 0.2514 0.2483
0.4981 0.5019 0.2438 0.2543 0.2557 0.2462
0.497 0.503 0.2543 0.2427 0.2431 0.2599
0.5049 0.4951 0.2543 0.2506 0.2457 0.2494
0.5058 0.4942 0.2589 0.2469 0.2456 0.2486
0.4992 0.5008 0.247 0.2522 0.2579 0.2429
0.4938 0.5062 0.2488 0.245 0.2486 0.2576
0.5027 0.4973 0.2526 0.2501 0.2491 0.2482
0.489 0.511 0.2464 0.2426 0.2561 0.2549
0.4966 0.5034 0.2448 0.2518 0.2496 0.2538
0.4963 0.5037 0.251 0.2453 0.2493 0.2544
0.4923 0.5077 0.2463 0.246 0.2547 0.253
0.4989 0.5011 0.2566 0.2423 0.245 0.2561
0.5017 0.4983 0.2506 0.2511 0.2469 0.2514
0.4996 0.5004 0.246 0.2536 0.2534 0.247
0.4971 0.5029 0.2524 0.2447 0.2541 0.2488
0.4975 0.5025 0.2458 0.2517 0.2492 0.2533
0.4984 0.5016 0.2479 0.2505 0.2437 0.2579
0.5016 0.4984 0.2503 0.2513 0.2445 0.2539
0.5058 0.4942 0.2475 0.2583 0.2462 0.248
0.5033 0.4967 0.2508 0.2525 0.253 0.2437
0.5041 0.4959 0.2413 0.2628 0.2503 0.2456
0.498 0.502 0.2466 0.2514 0.2495 0.2525
0.5051 0.4949 0.2548 0.2503 0.2503 0.2446
0.4956 0.5044 0.2473 0.2483 0.257 0.2474
0.501 0.499 0.2476 0.2534 0.2542 0.2448
0.5072 0.4928 0.2592 0.248 0.247 0.2458
0.4982 0.5018 0.2498 0.2484 0.2525 0.2493
0.4998 0.5002 0.251 0.2488 0.2491 0.2511
0.4999 0.5001 0.2511 0.2488 0.2578 0.2423
0.5061 0.4939 0.2519 0.2542 0.2541 0.2398
0.5048 0.4952 0.2529 0.2519 0.2433 0.2519
0.4973 0.5027 0.247 0.2503 0.2497 0.253
0.495 0.505 0.2458 0.2492 0.2513 0.2537
0.5046 0.4954 0.2521 0.2525 0.2478 0.2476
0.5051 0.4949 0.2598 0.2453 0.2472 0.2477
