0.5024 0.4976 0.2482 0.2542 0.2728 0.2248
0.5043 0.4957 0.2606 0.2437 0.2667 0.229
0.4864 0.5136 0.2417 0.2447 0.2763 0.2373
0.4919 0.5081 0.2408 0.2511 0.2756 0.2325
0.4999 0.5001 0.2476 0.2523 0.2783 0.2218
0.4972 0.5028 0.2513 0.2459 0.2795 0.2233
0.5 0.5 0.248 0.252 0.2713 0.2287
0.4931 0.5069 0.2483 0.2448 0.2803 0.2266
0.4971 0.5029 0.2453 0.2518 0.2746 0.2283
0.496 0.504 0.2436 0.2524 0.2844 0.2196
0.5038 0.4962 0.2469 0.2569 0.2713 0.2249
0.4966 0.5034 0.2424 0.2542 0.2778 0.2256
0.502 0.498 0.259 0.243 0.2757 0.2223
0.5003 0.4997 0.2477 0.2526 0.2715 0.2282
0.5008 0.4992 0.2541 0.2467 0.2735 0.2257
0.5011 0.4989 0.2529 0.2482 0.271 0.2279
0.493 0.507 0.2438 0.2492 0.2802 0.2268
0.4982 0.5018 0.2484 0.2498 0.2759 0.2259
0.5014 0.4986 0.2525 0.2489 0.2717 0.2269
0.4967 0.5033 0.2524 0.2443 0.2796 0.2237
0.4987 0.5013 0.2472 0.2515 0.2772 0.2241
0.492 0.508 0.2475 0.2445 0.2719 0.2361
0.5006 0.4994 0.2504 0.2502 0.2748 0.2246
0.5091 0.4909 0.262 0.2471 0.2652 0.2257
0.5048 0.4952 0.2504 0.2544 0.2628 0.2324
0.5086 0.4914 0.2557 0.2529 0.2768 0.2146
0.5084 0.4916 0.2602 0.2482 0.2725 0.2191
0.5029 0.4971 0.2523 0.2506 0.2772 0.2199
0.5041 0.4959 0.2548 0.2493 0.2813 0.2146
0.5009 0.4991 0.2545 0.2464 0.2722 0.2269
0.5008 0.4992 0.2488 0.252 0.2727 0.2265
0.5015 0.4985 0.2438 0.2577 0.2741 0.2244
0.4995 0.5005 0.2387 0.2608 0.2695 0.231
0.4968 0.5032 0.2466 0.2502 0.2776 0.2256
0.4984 0.5016 0.247 0.2514 0.2805 0.2211
0.4981 0.5019 0.2495 0.2486 0.2825 0.2194
0.4947 0.5053 0.2423 0.2524 0.278 0.2273
0.4972 0.5028 0.2495 0.2477 0.277 0.2258
0.4945 0.5055 0.2471 0.2474 0.279 0.2265
0.492 0.508 0.2431 0.2489 0.2753 0.2327
0.5008 0.4992 0.2569 0.2439 0.2719 0.2273
0.4964 0.5036 0.2519 0.2445 0.2721 0.2315
0.4938 0.5062 0.2406 0.2532 0.2793 0.2269
0.5024 0.4976 0.2492 0.2532 0.2738 0.2238
0.5001 0.4999 0.2457 0.2544 0.2778 0.2221
0.5028 0.4972 0.251 0.2518 0.2763 0.2209
0.4973 0.5027 0.2429 0.2544 0.2738 0.2289
0.4971 0.5029 0.2459 0.2512 0.2813 0.2216
0.4962 0.5038 0.2485 0.2477 0.277 0.2268
0.5059 0.4941 0.2583 0.2476 0.2729 0.2212
0.4983 0.5017 0.2478 0.2505 0.2745 0.2272
0.506 0.494 0.2511 0.2549 0.2695 0.2245
0.5045 0.4955 0.2525 0.252 0.2709 0.2246
0.4921 0.5079 0.244 0.2481 0.2839 0.224
0.5136 0.4864 0.2557 0.2579 0.2719 0.2145
0.4924 0.5076 0.2422 0.2502 0.2739 0.2337
0.4999 0.5001 0.2498 0.2501 0.2767 0.2234
0.5033 0.4967 0.2599 0.2434 0.2736 0.2231
0.4995 0.5005 0.2511 0.2484 0.2766 0.2239
0.504 0.496 0.2513 0.2527 0.2661 0.2299
0.4946 0.5054 0.2484 0.2462 0.277 0.2284
0.5001 0.4999 0.2478 0.2523 0.2753 0.2246
0.5004 0.4996 0.2546 0.2458 0.2731 0.2265
0.4956 0.5044 0.2448 0.2508 0.2798 0.2246
0.5034 0.4966 0.2515 0.2519 0.2712 0.2254
0.4948 0.5052 0.2496 0.2452 0.2792 0.226
0.5073 0.4927 0.2566 0.2507 0.2726 0.2201
0.5022 0.4978 0.2513 0.2509 0.277 0.2208
0.4918 0.5082 0.2506 0.2412 0.2853 0.2229
0.4992 0.5008 0.2484 0.2508 0.2764 0.2244
0.4992 0.5008 0.2502 0.249 0.2777 0.2231
0.4985 0.5015 0.2427 0.2558 0.277 0.2245
0.4968 0.5032 0.2444 0.2524 0.2767 0.2265
0.5027 0.4973 0.2566 0.2461 0.2785 0.2188
0.4986 0.5014 0.2495 0.2491 0.2753 0.2261
0.4908 0.5092 0.2421 0.2487 0.2774 0.2318
0.4944 0.5056 0.2433 0.2511 0.283 0.2226
0.5052 0.4948 0.2498 0.2554 0.277 0.2178
0.4979 0.5021 0.2528 0.2451 0.2732 0.2289
0.5015 0.4985 0.2495 0.252 0.2756 0.2229
0.4958 0.5042 0.2456 0.2502 0.2789 0.2253
0.5035 0.4965 0.254 0.2495 0.2718 0.2247
0.5016 0.4984 0.2497 0.2519 0.2742 0.2242
0.4994 0.5006 0.251 0.2484 0.2737 0.2269
0.5001 0.4999 0.25 0.2501 0.2756 0.2243
0.4909 0.5091 0.2417 0.2492 0.273 0.2361
0.4952 0.5048 0.2455 0.2497 0.2763 0.2285
0.505 0.495 0.2408 0.2642 0.2662 0.2288
0.4951 0.5049 0.2484 0.2467 0.2819 0.223
0.4977 0.5023 0.251 0.2467 0.2812 0.2211
0.4972 0.5028 0.2518 0.2454 0.2785 0.2243
0.5114 0.4886 0.2487 0.2627 0.2715 0.2171
0.4949 0.5051 0.2471 0.2478 0.2795 0.2256
0.5015 0.4985 0.254 0.2475 0.2777 0.2208
0.4932 0.5068 0.2414 0.2518 0.2801 0.2267
0.4924 0.5076 0.2509 0.2415 0.2795 0.2281
0.5027 0.4973 0.2484 0.2543 0.2678 0.2295
0.5006 0.4994 0.2502 0.2504 0.274 0.2254
0.5005 0.4995 0.2441 0.2564 0.2733 0.2262
0.5059 0.4941 0.2525 0.2534 0.2756 0.2185
0.4956 0.5044 0.2441 0.2515 0.2787 0.2257
0.5001 0.4999 0.2493 0.2508 0.2743 0.2256
0.506 0.494 0.2558 0.2502 0.2774 0.2166
0.5046 0.4954 0.2484 0.2562 0.2719 0.2235
0.4986 0.5014 0.2481 0.2505 0.2743 0.2271
0.5035 0.4965 0.2606 0.2429 0.2745 0.222
0.5091 0.4909 0.2548 0.2543 0.2666 0.2243
0.4999 0.5001 0.2472 0.2527 0.278 0.2221
0.4997 0.5003 0.2498 0.2499 0.2744 0.2259
0.4978 0.5022 0.2484 0.2494 0.2816 0.2206
0.5076 0.4924 0.257 0.2506 0.2701 0.2223
0.4999 0.5001 0.2518 0.2481 0.2675 0.2326
0.494 0.506 0.2485 0.2455 0.2839 0.2221
0.4968 0.5032 0.2479 0.2489 0.2774 0.2258
0.4978 0.5022 0.2487 0.2491 0.2763 0.2259
0.4999 0.5001 0.2477 0.2522 0.277 0.2231
0.4983 0.5017 0.2465 0.2518 0.2728 0.2289
0.4932 0.5068 0.2439 0.2493 0.2781 0.2287
0.5046 0.4954 0.2533 0.2513 0.2693 0.2261
0.5 0.5 0.2468 0.2532 0.2733 0.2267
0.4974 0.5026 0.2448 0.2526 0.2778 0.2248
0.5047 0.4953 0.2493 0.2554 0.2677 0.2276
0.4914 0.5086 0.2418 0.2496 0.2838 0.2248
0.4959 0.5041 0.2454 0.2505 0.2763 0.2278
0.4953 0.5047 0.2533 0.242 0.2763 0.2284
0.5003 0.4997 0.254 0.2463 0.2717 0.228
0.4987 0.5013 0.2471 0.2516 0.2684 0.2329
0.4969 0.5031 0.2506 0.2463 0.2772 0.2259
0.5062 0.4938 0.2494 0.2568 0.2714 0.2224
0.4984 0.5016 0.2518 0.2466 0.2772 0.2244
0.4968 0.5032 0.2479 0.2489 0.2746 0.2286
0.4989 0.5011 0.2512 0.2477 0.2746 0.2265
0.4991 0.5009 0.2556 0.2435 0.2791 0.2218
0.494 0.506 0.2444 0.2496 0.2871 0.2189
0.5068 0.4932 0.2569 0.2499 0.2731 0.2201
0.504 0.496 0.2536 0.2504 0.271 0.225
0.5023 0.4977 0.2497 0.2526 0.2788 0.2189
0.5039 0.4961 0.2564 0.2475 0.27 0.2261
0.4992 0.5008 0.2522 0.247 0.2722 0.2286
0.5093 0.4907 0.2537 0.2556 0.2755 0.2152
0.5036 0.4964 0.2487 0.2549 0.2734 0.223
0.4995 0.5005 0.2498 0.2497 0.2669 0.2336
0.5057 0.4943 0.253 0.2527 0.2703 0.224
0.5091 0.4909 0.2615 0.2476 0.2659 0.225
0.4998 0.5002 0.2465 0.2533 0.2801 0.2201
0.4948 0.5052 0.2529 0.2419 0.2838 0.2214
0.4978 0.5022 0.247 0.2508 0.2756 0.2266
0.5014 0.4986 0.2536 0.2478 0.2769 0.2217
0.5023 0.4977 0.2483 0.254 0.2727 0.225
0.4997 0.5003 0.2468 0.2529 0.2707 0.2296
0.5051 0.4949 0.2522 0.2529 0.2767 0.2182
0.4925 0.5075 0.2476 0.2449 0.2771 0.2304
0.498 0.502 0.2548 0.2432 0.2754 0.2266
0.5002 0.4998 0.2479 0.2523 0.2817 0.2181
0.4995 0.5005 0.2523 0.2472 0.2755 0.225
0.4976 0.5024 0.2526 0.245 0.2815 0.2209
0.4962 0.5038 0.2508 0.2454 0.2796 0.2242
0.4962 0.5038 0.251 0.2452 0.2823 0.2215
0.4964 0.5036 0.2476 0.2488 0.2797 0.2239
0.4986 0.5014 0.2501 0.2485 0.2775 0.2239
0.5036 0.4964 0.2479 0.2557 0.2728 0.2236
0.4991 0.5009 0.2519 0.2472 0.2766 0.2243
0.5004 0.4996 0.2493 0.2511 0.2763 0.2233
0.4975 0.5025 0.2457 0.2518 0.2833 0.2192
0.5018 0.4982 0.2484 0.2534 0.2768 0.2214
0.5051 0.4949 0.2529 0.2522 0.274 0.2209
0.5055 0.4945 0.2499 0.2556 0.2719 0.2226
0.511 0.489 0.2538 0.2572 0.2634 0.2256
0.5058 0.4942 0.2538 0.252 0.2685 0.2257
0.5076 0.4924 0.2489 0.2587 0.2717 0.2207
0.5006 0.4994 0.251 0.2496 0.2787 0.2207
0.4993 0.5007 0.2552 0.2441 0.2787 0.222
0.5006 0.4994 0.2554 0.2452 0.2809 0.2185
0.5012 0.4988 0.2498 0.2514 0.2721 0.2267
0.5003 0.4997 0.2466 0.2537 0.2768 0.2229
0.5063 0.4937 0.254 0.2523 0.2689 0.2248
0.4936 0.5064 0.2505 0.2431 0.2769 0.2295
0.4989 0.5011 0.2388 0.2601 0.2737 0.2274
0.5044 0.4956 0.2539 0.2505 0.2758 0.2198
0.4978 0.5022 0.2527 0.2451 0.277 0.2252
0.5048 0.4952 0.2577 0.2471 0.2699 0.2253
0.5076 0.4924 0.2551 0.2525 0.2695 0.2229
0.4978 0.5022 0.2465 0.2513 0.2736 0.2286
0.4997 0.5003 0.2472 0.2525 0.2821 0.2182
0.5044 0.4956 0.2539 0.2505 0.2646 0.231
0.5003 0.4997 0.2515 0.2488 0.2767 0.223
0.5071 0.4929 0.2545 0.2526 0.2698 0.2231
0.4945 0.5055 0.2456 0.2489 0.2766 0.2289
0.4987 0.5013 0.2482 0.2505 0.2741 0.2272
0.5054 0.4946 0.2568 0.2486 0.2745 0.2201
0.5024 0.4976 0.262 0.2404 0.2667 0.2309
0.4994 0.5006 0.2499 0.2495 0.2734 0.2272
0.503 0.497 0.2497 0.2533 0.2727 0.2243
0.5095 0.4905 0.2574 0.2521 0.262 0.2285
0.5069 0.4931 0.2545 0.2524 0.2776 0.2155
0.4982 0.5018 0.2547 0.2435 0.2745 0.2273
0.5013 0.4987 0.2422 0.2591 0.2759 0.2228
0.4983 0.5017 0.2528 0.2455 0.2702 0.2315
0.503 0.497 0.2568 0.2462 0.2739 0.2231
0.5054 0.4946 0.2558 0.2496 0.2704 0.2242
0.4963 0.5037 0.2486 0.2477 0.2774 0.2263
0.4909 0.5091 0.2414 0.2495 0.2811 0.228
0.5045 0.4955 0.2605 0.244 0.2727 0.2228
0.5105 0.4895 0.2556 0.2549 0.2714 0.2181
0.5018 0.4982 0.2452 0.2566 0.276 0.2222
0.4988 0.5012 0.2478 0.251 0.2763 0.2249
0.4984 0.5016 0.2508 0.2476 0.2716 0.23
0.5084 0.4916 0.2561 0.2523 0.2667 0.2249
0.4972 0.5028 0.2478 0.2494 0.2754 0.2274
0.5121 0.4879 0.2522 0.2599 0.2717 0.2162
0.5009 0.4991 0.25 0.2509 0.2712 0.2279
0.4919 0.5081 0.2446 0.2473 0.2823 0.2258
0.51 0.49 0.2488 0.2612 0.2696 0.2204
0.5015 0.4985 0.2517 0.2498 0.2762 0.2223
0.5054 0.4946 0.2507 0.2547 0.2727 0.2219
0.498 0.502 0.2452 0.2528 0.2748 0.2272
0.4971 0.5029 0.248 0.2491 0.283 0.2199
0.4977 0.5023 0.2527 0.245 0.2791 0.2232
0.5006 0.4994 0.2522 0.2484 0.2724 0.227
0.5014 0.4986 0.2512 0.2502 0.2767 0.2219
0.5021 0.4979 0.2517 0.2504 0.2748 0.2231
0.4998 0.5002 0.249 0.2508 0.2785 0.2217
0.4927 0.5073 0.2472 0.2455 0.2825 0.2248
0.5011 0.4989 0.2535 0.2476 0.2745 0.2244
0.497 0.503 0.2545 0.2425 0.2743 0.2287
0.5019 0.4981 0.2559 0.246 0.2656 0.2325
0.4999 0.5001 0.2502 0.2497 0.2774 0.2227
0.5007 0.4993 0.2448 0.2559 0.2751 0.2242
0.4916 0.5084 0.2398 0.2518 0.2808 0.2276
0.5028 0.4972 0.2474 0.2554 0.2744 0.2228
0.5003 0.4997 0.2487 0.2516 0.2709 0.2288
0.501 0.499 0.2521 0.2489 0.2774 0.2216
0.5016 0.4984 0.2471 0.2545 0.2732 0.2252
0.4959 0.5041 0.2484 0.2475 0.281 0.2231
0.5034 0.4966 0.2436 0.2598 0.2758 0.2208
0.5058 0.4942 0.2497 0.2561 0.2753 0.2189
0.4938 0.5062 0.2468 0.247 0.2733 0.2329
0.5011 0.4989 0.2448 0.2563 0.2785 0.2204
0.502 0.498 0.2509 0.2511 0.2764 0.2216
0.4942 0.5058 0.2484 0.2458 0.2766 0.2292
0.4924 0.5076 0.2521 0.2403 0.2806 0.227
0.4981 0.5019 0.2484 0.2497 0.2769 0.225
0.5028 0.4972 0.2503 0.2525 0.2757 0.2215
0.497 0.503 0.2443 0.2527 0.2745 0.2285
0.5019 0.4981 0.2545 0.2474 0.2832 0.2149
0.5021 0.4979 0.2575 0.2446 0.2761 0.2218
0.5 0.5 0.2494 0.2506 0.2744 0.2256
0.5055 0.4945 0.2504 0.2551 0.2732 0.2213
0.5072 0.4928 0.2545 0.2527 0.2668 0.226
0.5017 0.4983 0.2559 0.2458 0.281 0.2173
0.5053 0.4947 0.2559 0.2494 0.2678 0.2269
0.4948 0.5052 0.2536 0.2412 0.2756 0.2296
0.5052 0.4948 0.2495 0.2557 0.2732 0.2216
0.4977 0.5023 0.2536 0.2441 0.2788 0.2235
0.4992 0.5008 0.2503 0.2489 0.278 0.2228
0.507 0.493 0.2525 0.2545 0.2775 0.2155
0.5023 0.4977 0.254 0.2483 0.2709 0.2268
0.5032 0.4968 0.255 0.2482 0.2678 0.229
0.4992 0.5008 0.2586 0.2406 0.2726 0.2282
0.5003 0.4997 0.2572 0.2431 0.272 0.2277
0.4976 0.5024 0.25 0.2476 0.2766 0.2258
0.4879 0.5121 0.2459 0.242 0.282 0.2301
0.4966 0.5034 0.2493 0.2473 0.2797 0.2237
0.5004 0.4996 0.2493 0.2511 0.2689 0.2307
0.5042 0.4958 0.2512 0.253 0.276 0.2198
0.4993 0.5007 0.2528 0.2465 0.2716 0.2291
0.5025 0.4975 0.2532 0.2493 0.2739 0.2236
0.4989 0.5011 0.2516 0.2473 0.277 0.2241
0.5006 0.4994 0.2476 0.253 0.2744 0.225
0.4949 0.5051 0.2469 0.248 0.2781 0.227
0.4989 0.5011 0.2551 0.2438 0.2725 0.2286
0.4963 0.5037 0.2445 0.2518 0.2775 0.2262
0.4974 0.5026 0.2542 0.2432 0.2737 0.2289
0.4974 0.5026 0.2499 0.2475 0.278 0.2246
0.4999 0.5001 0.245 0.2549 0.2736 0.2265
0.4979 0.5021 0.2512 0.2467 0.2757 0.2264
0.4956 0.5044 0.2426 0.253 0.2745 0.2299
0.4924 0.5076 0.2418 0.2506 0.2845 0.2231
0.4987 0.5013 0.2503 0.2484 0.2772 0.2241
0.5082 0.4918 0.254 0.2542 0.2717 0.2201
0.4996 0.5004 0.2544 0.2452 0.2737 0.2267
0.4972 0.5028 0.2489 0.2483 0.2784 0.2244
0.5007 0.4993 0.2553 0.2454 0.2721 0.2272
0.4946 0.5054 0.2406 0.254 0.2807 0.2247
0.5033 0.4967 0.2578 0.2455 0.2726 0.2241
0.4943 0.5057 0.2464 0.2479 0.2798 0.2259
0.5025 0.4975 0.2493 0.2532 0.2729 0.2246
0.5056 0.4944 0.2564 0.2492 0.2647 0.2297
0.5074 0.4926 0.251 0.2564 0.2685 0.2241
0.5092 0.4908 0.2557 0.2535 0.2651 0.2257
0.4994 0.5006 0.2536 0.2458 0.2771 0.2235
0.5058 0.4942 0.2526 0.2532 0.2725 0.2217
0.4965 0.5035 0.2522 0.2443 0.2752 0.2283
0.5017 0.4983 0.2562 0.2455 0.2719 0.2264
0.4957 0.5043 0.2509 0.2448 0.2801 0.2242
0.4936 0.5064 0.2435 0.2501 0.2794 0.227
0.5168 0.4832 0.2562 0.2606 0.263 0.2202
0.4996 0.5004 0.2544 0.2452 0.2733 0.2271
0.5012 0.4988 0.2448 0.2564 0.2738 0.225
0.5062 0.4938 0.2469 0.2593 0.2699 0.2239
0.5012 0.4988 0.2502 0.251 0.278 0.2208
0.4968 0.5032 0.2519 0.2449 0.279 0.2242
0.5049 0.4951 0.2514 0.2535 0.2782 0.2169
0.5014 0.4986 0.2543 0.2471 0.2768 0.2218
0.4981 0.5019 0.2491 0.249 0.2737 0.2282
0.4991 0.5009 0.2521 0.247 0.2719 0.229
0.4964 0.5036 0.2521 0.2443 0.2774 0.2262
0.4966 0.5034 0.2515 0.2451 0.2825 0.2209
0.5029 0.4971 0.2558 0.2471 0.2733 0.2238
0.5026 0.4974 0.2551 0.2475 0.273 0.2244
0.5068 0.4932 0.2612 0.2456 0.2691 0.2241
0.4952 0.5048 0.2488 0.2464 0.272 0.2328
0.4979 0.5021 0.2504 0.2475 0.2832 0.2189
0.493 0.507 0.2438 0.2492 0.2798 0.2272
0.5013 0.4987 0.2472 0.2541 0.2757 0.223
0.4998 0.5002 0.2518 0.248 0.2704 0.2298
0.4953 0.5047 0.2461 0.2492 0.2793 0.2254
0.5082 0.4918 0.2562 0.252 0.2712 0.2206
0.5017 0.4983 0.2545 0.2472 0.2722 0.2261
0.5028 0.4972 0.2456 0.2572 0.2751 0.2221
0.5032 0.4968 0.2538 0.2494 0.2666 0.2302
0.4993 0.5007 0.2527 0.2466 0.2756 0.2251
0.504 0.496 0.2553 0.2487 0.2712 0.2248
0.5026 0.4974 0.2475 0.2551 0.2736 0.2238
0.4995 0.5005 0.2499 0.2496 0.2769 0.2236
0.5089 0.4911 0.2509 0.258 0.2708 0.2203
0.4967 0.5033 0.246 0.2507 0.2803 0.223
0.5047 0.4953 0.2577 0.247 0.2739 0.2214
0.4898 0.5102 0.2457 0.2441 0.2818 0.2284
0.5059 0.4941 0.2459 0.26 0.2723 0.2218
0.4997 0.5003 0.2494 0.2503 0.2676 0.2327
0.4928 0.5072 0.2452 0.2476 0.2798 0.2274
0.4954 0.5046 0.2453 0.2501 0.2811 0.2235
0.5074 0.4926 0.2474 0.26 0.2716 0.221
0.4987 0.5013 0.2428 0.2559 0.2733 0.228
0.4959 0.5041 0.2434 0.2525 0.2751 0.229
0.4886 0.5114 0.2455 0.2431 0.2841 0.2273
0.5077 0.4923 0.2556 0.2521 0.2749 0.2174
0.4909 0.5091 0.2494 0.2415 0.2777 0.2314
0.5008 0.4992 0.2498 0.251 0.2774 0.2218
0.4963 0.5037 0.2484 0.2479 0.2748 0.2289
0.4997 0.5003 0.2462 0.2535 0.2757 0.2246
0.5005 0.4995 0.2441 0.2564 0.275 0.2245
0.494 0.506 0.2485 0.2455 0.2824 0.2236
0.4981 0.5019 0.2457 0.2524 0.2736 0.2283
0.5002 0.4998 0.2487 0.2515 0.2747 0.2251
0.5041 0.4959 0.2502 0.2539 0.2729 0.223
0.4981 0.5019 0.2428 0.2553 0.2725 0.2294
0.5195 0.4805 0.2567 0.2628 0.2653 0.2152
0.4967 0.5033 0.2476 0.2491 0.2782 0.2251
0.4973 0.5027 0.2475 0.2498 0.2811 0.2216
0.4919 0.5081 0.2487 0.2432 0.2758 0.2323
0.4982 0.5018 0.2429 0.2553 0.2766 0.2252
0.496 0.504 0.2505 0.2455 0.2784 0.2256
0.4961 0.5039 0.2482 0.2479 0.2791 0.2248
0.4971 0.5029 0.252 0.2451 0.2732 0.2297
0.5004 0.4996 0.2525 0.2479 0.2728 0.2268
0.4994 0.5006 0.2495 0.2499 0.2807 0.2199
0.5016 0.4984 0.2486 0.253 0.281 0.2174
0.5136 0.4864 0.2624 0.2512 0.2602 0.2262
0.5032 0.4968 0.2416 0.2616 0.2752 0.2216
0.4946 0.5054 0.2459 0.2487 0.2832 0.2222
0.5028 0.4972 0.2466 0.2562 0.2804 0.2168
0.4985 0.5015 0.2476 0.2509 0.2765 0.225
0.5005 0.4995 0.2485 0.252 0.2805 0.219
0.4916 0.5084 0.2535 0.2381 0.2784 0.23
0.5048 0.4952 0.252 0.2528 0.2738 0.2214
0.5095 0.4905 0.2579 0.2516 0.2668 0.2237
0.5052 0.4948 0.2511 0.2541 0.2795 0.2153
0.5078 0.4922 0.2555 0.2523 0.2709 0.2213
0.4978 0.5022 0.2495 0.2483 0.2772 0.225
0.4999 0.5001 0.2527 0.2472 0.2744 0.2257
0.5011 0.4989 0.2508 0.2503 0.2725 0.2264
0.4969 0.5031 0.2472 0.2497 0.281 0.2221
0.4933 0.5067 0.2431 0.2502 0.2797 0.227
0.503 0.497 0.2522 0.2508 0.2719 0.2251
0.5009 0.4991 0.2475 0.2534 0.2774 0.2217
0.5018 0.4982 0.2558 0.246 0.2702 0.228
0.4959 0.5041 0.2418 0.2541 0.2793 0.2248
0.5002 0.4998 0.2524 0.2478 0.2765 0.2233
0.5071 0.4929 0.253 0.2541 0.2694 0.2235
0.4934 0.5066 0.2505 0.2429 0.2758 0.2308
0.5014 0.4986 0.2535 0.2479 0.28 0.2186
0.4976 0.5024 0.2473 0.2503 0.2802 0.2222
0.4949 0.5051 0.245 0.2499 0.2745 0.2306
0.4984 0.5016 0.2493 0.2491 0.2739 0.2277
0.4978 0.5022 0.2424 0.2554 0.2739 0.2283
0.4955 0.5045 0.2389 0.2566 0.2763 0.2282
0.5039 0.4961 0.2557 0.2482 0.2683 0.2278
0.4971 0.5029 0.2437 0.2534 0.2758 0.2271
0.4989 0.5011 0.2536 0.2453 0.2787 0.2224
0.5094 0.4906 0.2514 0.258 0.2696 0.221
0.5031 0.4969 0.2523 0.2508 0.2718 0.2251
0.4931 0.5069 0.2442 0.2489 0.2775 0.2294
0.4936 0.5064 0.2503 0.2433 0.2722 0.2342
0.4961 0.5039 0.2563 0.2398 0.2804 0.2235
0.4976 0.5024 0.2448 0.2528 0.2836 0.2188
0.5073 0.4927 0.2582 0.2491 0.2728 0.2199
0.5008 0.4992 0.2476 0.2532 0.2777 0.2215
0.497 0.503 0.2452 0.2518 0.2809 0.2221
0.4967 0.5033 0.2529 0.2438 0.2791 0.2242
0.5019 0.4981 0.2497 0.2522 0.2753 0.2228
0.4951 0.5049 0.2504 0.2447 0.2762 0.2287
0.4996 0.5004 0.2506 0.249 0.2757 0.2247
0.4929 0.5071 0.2445 0.2484 0.2772 0.2299
0.4987 0.5013 0.2436 0.2551 0.2711 0.2302
0.4993 0.5007 0.2498 0.2495 0.28 0.2207
0.4985 0.5015 0.2473 0.2512 0.2732 0.2283
0.4974 0.5026 0.2535 0.2439 0.2748 0.2278
0.5016 0.4984 0.2546 0.247 0.2773 0.2211
0.5014 0.4986 0.25 0.2514 0.2686 0.23
0.4871 0.5129 0.2388 0.2483 0.2806 0.2323
0.4972 0.5028 0.2599 0.2373 0.2676 0.2352
0.5076 0.4924 0.2549 0.2527 0.2723 0.2201
0.505 0.495 0.2527 0.2523 0.2732 0.2218
0.4916 0.5084 0.2458 0.2458 0.2805 0.2279
0.5014 0.4986 0.2478 0.2536 0.2755 0.2231
0.4967 0.5033 0.2508 0.2459 0.2725 0.2308
0.4947 0.5053 0.2534 0.2413 0.2771 0.2282
0.4976 0.5024 0.2527 0.2449 0.2821 0.2203
0.5006 0.4994 0.245 0.2556 0.2783 0.2211
0.5004 0.4996 0.2535 0.2469 0.2761 0.2235
0.5063 0.4937 0.2505 0.2558 0.2727 0.221
0.4896 0.5104 0.238 0.2516 0.2799 0.2305
0.5006 0.4994 0.2496 0.251 0.2753 0.2241
0.5044 0.4956 0.2525 0.2519 0.276 0.2196
0.4989 0.5011 0.2462 0.2527 0.2715 0.2296
0.4969 0.5031 0.2548 0.2421 0.2747 0.2284
0.4956 0.5044 0.2434 0.2522 0.2733 0.2311
0.4957 0.5043 0.2462 0.2495 0.2785 0.2258
0.5019 0.4981 0.2595 0.2424 0.2757 0.2224
0.5076 0.4924 0.246 0.2616 0.2732 0.2192
0.4998 0.5002 0.255 0.2448 0.278 0.2222
0.5004 0.4996 0.2536 0.2468 0.2712 0.2284
0.503 0.497 0.2435 0.2595 0.2722 0.2248
0.4939 0.5061 0.2449 0.249 0.2781 0.228
0.5066 0.4934 0.2489 0.2577 0.2759 0.2175
0.5024 0.4976 0.2539 0.2485 0.2779 0.2197
0.4976 0.5024 0.2504 0.2472 0.2746 0.2278
0.4932 0.5068 0.2498 0.2434 0.2805 0.2263
0.4971 0.5029 0.248 0.2491 0.2782 0.2247
0.4966 0.5034 0.2502 0.2464 0.2746 0.2288
0.5014 0.4986 0.2562 0.2452 0.2682 0.2304
0.5009 0.4991 0.2484 0.2525 0.2729 0.2262
0.5014 0.4986 0.2499 0.2515 0.2776 0.221
0.4949 0.5051 0.2506 0.2443 0.2727 0.2324
0.5006 0.4994 0.2558 0.2448 0.2739 0.2255
0.5013 0.4987 0.2463 0.255 0.2689 0.2298
0.4989 0.5011 0.2521 0.2468 0.2726 0.2285
0.5041 0.4959 0.2511 0.253 0.2705 0.2254
0.4983 0.5017 0.2557 0.2426 0.2801 0.2216
0.4907 0.5093 0.243 0.2477 0.2803 0.229
0.4982 0.5018 0.2467 0.2515 0.2767 0.2251
0.4978 0.5022 0.2468 0.251 0.2774 0.2248
0.5019 0.4981 0.248 0.2539 0.2723 0.2258
0.5051 0.4949 0.2535 0.2516 0.2736 0.2213
0.5014 0.4986 0.2444 0.257 0.2757 0.2229
0.4896 0.5104 0.242 0.2476 0.2869 0.2235
0.5052 0.4948 0.2554 0.2498 0.2723 0.2225
0.499 0.501 0.2476 0.2514 0.2729 0.2281
0.4984 0.5016 0.2485 0.2499 0.2752 0.2264
0.4966 0.5034 0.244 0.2526 0.2799 0.2235
0.5015 0.4985 0.2475 0.254 0.2718 0.2267
0.5018 0.4982 0.2536 0.2482 0.2718 0.2264
0.5058 0.4942 0.2504 0.2554 0.2736 0.2206
0.4967 0.5033 0.2497 0.247 0.278 0.2253
0.4984 0.5016 0.2484 0.25 0.2786 0.223
0.498 0.502 0.2491 0.2489 0.2777 0.2243
0.5068 0.4932 0.2546 0.2522 0.2734 0.2198
0.5065 0.4935 0.253 0.2535 0.2696 0.2239
0.5083 0.4917 0.2535 0.2548 0.2676 0.2241
0.4991 0.5009 0.2476 0.2515 0.2768 0.2241
0.5062 0.4938 0.2503 0.2559 0.2643 0.2295
0.4964 0.5036 0.2532 0.2432 0.273 0.2306
0.5002 0.4998 0.254 0.2462 0.271 0.2288
0.4993 0.5007 0.2512 0.2481 0.2735 0.2272
0.5034 0.4966 0.2544 0.249 0.274 0.2226
0.5062 0.4938 0.2555 0.2507 0.2737 0.2201
0.5034 0.4966 0.2485 0.2549 0.2777 0.2189
0.4988 0.5012 0.2499 0.2489 0.2735 0.2277
0.5043 0.4957 0.2548 0.2495 0.2719 0.2238
0.5092 0.4908 0.2529 0.2563 0.2724 0.2184
0.5033 0.4967 0.2542 0.2491 0.2733 0.2234
0.4993 0.5007 0.2504 0.2489 0.2774 0.2233
0.5001 0.4999 0.2485 0.2516 0.2774 0.2225
0.4905 0.5095 0.2417 0.2488 0.2852 0.2243
0.5055 0.4945 0.2514 0.2541 0.2729 0.2216
0.4905 0.5095 0.2464 0.2441 0.2816 0.2279
0.5026 0.4974 0.2425 0.2601 0.2716 0.2258
0.4895 0.5105 0.2465 0.243 0.2754 0.2351
0.4953 0.5047 0.2438 0.2515 0.2832 0.2215
0.5044 0.4956 0.2451 0.2593 0.2715 0.2241
0.4974 0.5026 0.254 0.2434 0.2793 0.2233
0.4995 0.5005 0.2498 0.2497 0.2771 0.2234
0.4977 0.5023 0.2562 0.2415 0.2758 0.2265
0.5044 0.4956 0.2546 0.2498 0.2732 0.2224
0.4982 0.5018 0.2527 0.2455 0.2751 0.2267
0.5014 0.4986 0.2516 0.2498 0.2788 0.2198
0.5047 0.4953 0.2497 0.255 0.2691 0.2262
0.5009 0.4991 0.2549 0.246 0.2789 0.2202
0.5052 0.4948 0.253 0.2522 0.2699 0.2249
0.5026 0.4974 0.2533 0.2493 0.2717 0.2257
0.5014 0.4986 0.2487 0.2527 0.2752 0.2234
0.4991 0.5009 0.2512 0.2479 0.2748 0.2261
0.4943 0.5057 0.2526 0.2417 0.2766 0.2291
0.495 0.505 0.2458 0.2492 0.2728 0.2322
0.4972 0.5028 0.2425 0.2547 0.2769 0.2259
0.4942 0.5058 0.2401 0.2541 0.2741 0.2317
0.4972 0.5028 0.2526 0.2446 0.2739 0.2289
0.493 0.507 0.2374 0.2556 0.2827 0.2243
0.5061 0.4939 0.2544 0.2517 0.2684 0.2255
0.4964 0.5036 0.2526 0.2438 0.2713 0.2323
0.5003 0.4997 0.2583 0.242 0.2748 0.2249
0.5053 0.4947 0.2494 0.2559 0.2729 0.2218
0.5009 0.4991 0.2453 0.2556 0.2762 0.2229
0.4947 0.5053 0.2469 0.2478 0.2813 0.224
0.4976 0.5024 0.2494 0.2482 0.273 0.2294
0.4909 0.5091 0.2454 0.2455 0.282 0.2271
0.4971 0.5029 0.2507 0.2464 0.273 0.2299
0.4969 0.5031 0.2482 0.2487 0.2798 0.2233
0.4999 0.5001 0.2457 0.2542 0.2783 0.2218
0.5036 0.4964 0.2564 0.2472 0.2711 0.2253
0.504 0.496 0.2464 0.2576 0.2746 0.2214
0.4994 0.5006 0.2436 0.2558 0.2705 0.2301
0.4944 0.5056 0.2447 0.2497 0.2755 0.2301
0.5077 0.4923 0.257 0.2507 0.2663 0.226
0.4874 0.5126 0.2391 0.2483 0.2713 0.2413
0.5058 0.4942 0.2457 0.2601 0.2722 0.222
0.5039 0.4961 0.2433 0.2606 0.2783 0.2178
0.499 0.501 0.2514 0.2476 0.2761 0.2249
0.4997 0.5003 0.2511 0.2486 0.2738 0.2265
0.5077 0.4923 0.2526 0.2551 0.2699 0.2224
0.4958 0.5042 0.2502 0.2456 0.2821 0.2221
0.5012 0.4988 0.2512 0.25 0.2714 0.2274
0.4997 0.5003 0.2447 0.255 0.2786 0.2217
0.5005 0.4995 0.2495 0.251 0.2766 0.2229
0.4955 0.5045 0.2476 0.2479 0.2722 0.2323
0.5006 0.4994 0.2478 0.2528 0.2805 0.2189
0.4973 0.5027 0.2518 0.2455 0.2747 0.228
0.4956 0.5044 0.2508 0.2448 0.2789 0.2255
0.508 0.492 0.2561 0.2519 0.2696 0.2224
0.5038 0.4962 0.2498 0.254 0.2722 0.224
0.5038 0.4962 0.2514 0.2524 0.2742 0.222
0.4983 0.5017 0.2497 0.2486 0.272 0.2297
0.499 0.501 0.2511 0.2479 0.2779 0.2231
0.5017 0.4983 0.253 0.2487 0.2749 0.2234
0.502 0.498 0.2478 0.2542 0.2754 0.2226
0.4955 0.5045 0.2533 0.2422 0.2752 0.2293
0.4942 0.5058 0.2439 0.2503 0.276 0.2298
0.4976 0.5024 0.2494 0.2482 0.277 0.2254
0.5055 0.4945 0.2498 0.2557 0.2699 0.2246
0.5008 0.4992 0.2514 0.2494 0.2773 0.2219
0.4992 0.5008 0.2538 0.2454 0.2743 0.2265
0.5015 0.4985 0.2548 0.2467 0.2716 0.2269
0.4981 0.5019 0.2483 0.2498 0.2805 0.2214
0.4988 0.5012 0.2494 0.2494 0.2784 0.2228
0.4945 0.5055 0.2507 0.2438 0.2696 0.2359
0.501 0.499 0.2513 0.2497 0.2752 0.2238
0.501 0.499 0.2527 0.2483 0.2717 0.2273
0.5035 0.4965 0.2495 0.254 0.2748 0.2217
0.5065 0.4935 0.2595 0.247 0.2668 0.2267
0.5023 0.4977 0.2577 0.2446 0.2767 0.221
0.4907 0.5093 0.2468 0.2439 0.2712 0.2381
0.5074 0.4926 0.2564 0.251 0.2671 0.2255
0.502 0.498 0.2456 0.2564 0.2761 0.2219
0.4932 0.5068 0.2472 0.246 0.2775 0.2293
0.5039 0.4961 0.25 0.2539 0.2734 0.2227
0.4984 0.5016 0.2507 0.2477 0.2792 0.2224
0.5009 0.4991 0.2473 0.2536 0.2713 0.2278
0.4991 0.5009 0.2519 0.2472 0.2778 0.2231
0.4992 0.5008 0.2492 0.25 0.2779 0.2229
0.5044 0.4956 0.2552 0.2492 0.2663 0.2293
0.5087 0.4913 0.2525 0.2562 0.2631 0.2282
0.494 0.506 0.2478 0.2462 0.2761 0.2299
0.5073 0.4927 0.2508 0.2565 0.2633 0.2294
0.5106 0.4894 0.2653 0.2453 0.2649 0.2245
0.5017 0.4983 0.2547 0.247 0.2781 0.2202
0.4909 0.5091 0.2413 0.2496 0.2732 0.2359
0.498 0.502 0.2545 0.2435 0.2771 0.2249
0.508 0.492 0.2566 0.2514 0.2702 0.2218
0.4965 0.5035 0.2482 0.2483 0.2763 0.2272
0.5054 0.4946 0.2494 0.256 0.2738 0.2208
0.4917 0.5083 0.2455 0.2462 0.2764 0.2319
0.5029 0.4971 0.2559 0.247 0.2688 0.2283
0.5004 0.4996 0.2555 0.2449 0.2786 0.221
0.5003 0.4997 0.2585 0.2418 0.2744 0.2253
0.5018 0.4982 0.2551 0.2467 0.2709 0.2273
0.4989 0.5011 0.2562 0.2427 0.2746 0.2265
0.4997 0.5003 0.2493 0.2504 0.2807 0.2196
0.5096 0.4904 0.2582 0.2514 0.2657 0.2247
0.4945 0.5055 0.25 0.2445 0.2822 0.2233
0.4975 0.5025 0.2474 0.2501 0.2783 0.2242
0.4965 0.5035 0.2498 0.2467 0.277 0.2265
0.5029 0.4971 0.2445 0.2584 0.2778 0.2193
0.5059 0.4941 0.2491 0.2568 0.2666 0.2275
0.5083 0.4917 0.2508 0.2575 0.2761 0.2156
0.5032 0.4968 0.2484 0.2548 0.2672 0.2296
0.4972 0.5028 0.2484 0.2488 0.2745 0.2283
0.4966 0.5034 0.2486 0.248 0.2727 0.2307
0.4993 0.5007 0.2458 0.2535 0.2838 0.2169
0.5088 0.4912 0.2572 0.2516 0.2685 0.2227
0.4984 0.5016 0.249 0.2494 0.2753 0.2263
0.4933 0.5067 0.2503 0.243 0.2714 0.2353
0.4949 0.5051 0.2439 0.251 0.285 0.2201
0.5051 0.4949 0.2523 0.2528 0.2713 0.2236
0.5055 0.4945 0.255 0.2505 0.2725 0.222
0.5093 0.4907 0.2557 0.2536 0.2709 0.2198
0.5089 0.4911 0.2565 0.2524 0.2644 0.2267
0.5039 0.4961 0.2596 0.2443 0.2704 0.2257
0.5053 0.4947 0.2486 0.2567 0.2713 0.2234
0.4999 0.5001 0.2465 0.2534 0.279 0.2211
0.5003 0.4997 0.2551 0.2452 0.2733 0.2264
0.4978 0.5022 0.2477 0.2501 0.2692 0.233
0.4915 0.5085 0.2475 0.244 0.2775 0.231
0.4993 0.5007 0.2494 0.2499 0.2793 0.2214
0.4985 0.5015 0.2474 0.2511 0.2725 0.229
0.4994 0.5006 0.2521 0.2473 0.276 0.2246
0.4941 0.5059 0.2487 0.2454 0.2735 0.2324
0.4965 0.5035 0.2522 0.2443 0.2727 0.2308
0.5024 0.4976 0.2531 0.2493 0.2668 0.2308
0.4969 0.5031 0.2468 0.2501 0.2719 0.2312
0.5026 0.4974 0.2516 0.251 0.2759 0.2215
0.4959 0.5041 0.2479 0.248 0.276 0.2281
0.4998 0.5002 0.2525 0.2473 0.2779 0.2223
0.5074 0.4926 0.2539 0.2535 0.2745 0.2181
0.5 0.5 0.2514 0.2486 0.279 0.221
0.4992 0.5008 0.2538 0.2454 0.2772 0.2236
0.4934 0.5066 0.2472 0.2462 0.2853 0.2213
0.501 0.499 0.2511 0.2499 0.2787 0.2203
0.4974 0.5026 0.2525 0.2449 0.2748 0.2278
0.4969 0.5031 0.2479 0.249 0.275 0.2281
0.4982 0.5018 0.2525 0.2457 0.2775 0.2243
0.5044 0.4956 0.2516 0.2528 0.2724 0.2232
0.4949 0.5051 0.2494 0.2455 0.2804 0.2247
0.5092 0.4908 0.2551 0.2541 0.2747 0.2161
0.5066 0.4934 0.2557 0.2509 0.2723 0.2211
0.5002 0.4998 0.2529 0.2473 0.2711 0.2287
0.5078 0.4922 0.255 0.2528 0.2712 0.221
0.4979 0.5021 0.2457 0.2522 0.28 0.2221
0.508 0.492 0.2573 0.2507 0.2653 0.2267
0.5102 0.4898 0.2621 0.2481 0.2692 0.2206
0.4988 0.5012 0.2514 0.2474 0.2777 0.2235
0.5055 0.4945 0.2529 0.2526 0.2788 0.2157
0.4974 0.5026 0.2491 0.2483 0.2801 0.2225
0.5009 0.4991 0.2502 0.2507 0.273 0.2261
0.497 0.503 0.248 0.249 0.2801 0.2229
0.4947 0.5053 0.248 0.2467 0.2757 0.2296
0.501 0.499 0.2528 0.2482 0.2744 0.2246
0.5024 0.4976 0.249 0.2534 0.2667 0.2309
0.5043 0.4957 0.2481 0.2562 0.273 0.2227
0.5096 0.4904 0.2582 0.2514 0.2692 0.2212
0.4985 0.5015 0.2516 0.2469 0.2813 0.2202
0.5079 0.4921 0.2564 0.2515 0.2717 0.2204
0.4985 0.5015 0.2488 0.2497 0.2777 0.2238
0.51 0.49 0.2535 0.2565 0.267 0.223
0.4932 0.5068 0.2497 0.2435 0.2824 0.2244
0.502 0.498 0.2508 0.2512 0.2766 0.2214
0.4987 0.5013 0.2503 0.2484 0.2771 0.2242
0.5052 0.4948 0.2536 0.2516 0.278 0.2168
0.4945 0.5055 0.2462 0.2483 0.2723 0.2332
0.494 0.506 0.2431 0.2509 0.2787 0.2273
0.4975 0.5025 0.2462 0.2513 0.2787 0.2238
0.4908 0.5092 0.2502 0.2406 0.2846 0.2246
0.4927 0.5073 0.2538 0.2389 0.2847 0.2226
0.5057 0.4943 0.2535 0.2522 0.2714 0.2229
0.4977 0.5023 0.2497 0.248 0.2732 0.2291
0.5085 0.4915 0.2491 0.2594 0.2607 0.2308
0.4985 0.5015 0.2462 0.2523 0.2817 0.2198
0.4999 0.5001 0.2471 0.2528 0.2749 0.2252
0.5005 0.4995 0.2477 0.2528 0.2765 0.223
0.4979 0.5021 0.2468 0.2511 0.2785 0.2236
0.5033 0.4967 0.2546 0.2487 0.2738 0.2229
0.4994 0.5006 0.2524 0.247 0.2701 0.2305
0.4933 0.5067 0.246 0.2473 0.2791 0.2276
0.4936 0.5064 0.2492 0.2444 0.2783 0.2281
0.5014 0.4986 0.2471 0.2543 0.2699 0.2287
0.5076 0.4924 0.2571 0.2505 0.273 0.2194
0.4967 0.5033 0.2518 0.2449 0.2766 0.2267
0.5081 0.4919 0.2528 0.2553 0.2689 0.223
0.5015 0.4985 0.2509 0.2506 0.2721 0.2264
0.5099 0.4901 0.2565 0.2534 0.2628 0.2273
0.5084 0.4916 0.257 0.2514 0.2748 0.2168
0.4969 0.5031 0.2473 0.2496 0.2794 0.2237
0.5081 0.4919 0.2568 0.2513 0.2672 0.2247
0.4974 0.5026 0.2401 0.2573 0.2731 0.2295
0.5009 0.4991 0.2457 0.2552 0.2727 0.2264
0.4987 0.5013 0.2476 0.2511 0.2755 0.2258
0.5053 0.4947 0.2518 0.2535 0.2717 0.223
0.5027 0.4973 0.2539 0.2488 0.2751 0.2222
0.5001 0.4999 0.2466 0.2535 0.2788 0.2211
0.5005 0.4995 0.2495 0.251 0.2805 0.219
0.5046 0.4954 0.257 0.2476 0.2734 0.222
0.5082 0.4918 0.2569 0.2513 0.2686 0.2232
0.5045 0.4955 0.2592 0.2453 0.2711 0.2244
0.5063 0.4937 0.2442 0.2621 0.2695 0.2242
0.5063 0.4937 0.2564 0.2499 0.2746 0.2191
0.5012 0.4988 0.2501 0.2511 0.2787 0.2201
0.493 0.507 0.2454 0.2476 0.2847 0.2223
0.4901 0.5099 0.2426 0.2475 0.282 0.2279
0.5018 0.4982 0.2504 0.2514 0.271 0.2272
0.4991 0.5009 0.2471 0.252 0.2742 0.2267
0.5021 0.4979 0.2525 0.2496 0.2772 0.2207
0.4998 0.5002 0.2513 0.2485 0.273 0.2272
0.5078 0.4922 0.2615 0.2463 0.2807 0.2115
0.4904 0.5096 0.2424 0.248 0.2827 0.2269
0.4899 0.5101 0.2453 0.2446 0.2859 0.2242
0.5023 0.4977 0.242 0.2603 0.2727 0.225
0.5093 0.4907 0.2503 0.259 0.2691 0.2216
0.506 0.494 0.2438 0.2622 0.2681 0.2259
0.4972 0.5028 0.2436 0.2536 0.2789 0.2239
0.4976 0.5024 0.2487 0.2489 0.2818 0.2206
0.497 0.503 0.2433 0.2537 0.2741 0.2289
0.5056 0.4944 0.2538 0.2518 0.273 0.2214
0.5028 0.4972 0.2444 0.2584 0.2778 0.2194
0.5039 0.4961 0.2566 0.2473 0.2662 0.2299
0.4901 0.5099 0.2504 0.2397 0.2698 0.2401
0.4916 0.5084 0.244 0.2476 0.2866 0.2218
0.5048 0.4952 0.2513 0.2535 0.2778 0.2174
0.5008 0.4992 0.2425 0.2583 0.2781 0.2211
0.4956 0.5044 0.2515 0.2441 0.2784 0.226
0.4945 0.5055 0.2508 0.2437 0.2762 0.2293
0.5029 0.4971 0.2495 0.2534 0.2772 0.2199
0.4994 0.5006 0.2477 0.2517 0.2766 0.224
0.4993 0.5007 0.247 0.2523 0.2699 0.2308
0.497 0.503 0.2492 0.2478 0.2752 0.2278
0.4951 0.5049 0.2379 0.2572 0.278 0.2269
0.5026 0.4974 0.2535 0.2491 0.2759 0.2215
0.4952 0.5048 0.2431 0.2521 0.2737 0.2311
0.5006 0.4994 0.2493 0.2513 0.2737 0.2257
0.4892 0.5108 0.2415 0.2477 0.2788 0.232
0.4991 0.5009 0.2489 0.2502 0.2715 0.2294
0.4989 0.5011 0.2487 0.2502 0.2728 0.2283
0.5039 0.4961 0.2463 0.2576 0.2738 0.2223
0.5039 0.4961 0.248 0.2559 0.2724 0.2237
0.4969 0.5031 0.2465 0.2504 0.2749 0.2282
0.4966 0.5034 0.2415 0.2551 0.2729 0.2305
0.4923 0.5077 0.2473 0.245 0.2781 0.2296
0.5059 0.4941 0.2552 0.2507 0.2798 0.2143
0.4974 0.5026 0.2479 0.2495 0.2695 0.2331
0.4889 0.5111 0.2432 0.2457 0.2751 0.236
0.5095 0.4905 0.2527 0.2568 0.2658 0.2247
0.4996 0.5004 0.2484 0.2512 0.2667 0.2337
0.508 0.492 0.2555 0.2525 0.2695 0.2225
0.5071 0.4929 0.2575 0.2496 0.2726 0.2203
0.4997 0.5003 0.2464 0.2533 0.2787 0.2216
0.4969 0.5031 0.247 0.2499 0.2767 0.2264
0.4925 0.5075 0.2426 0.2499 0.2732 0.2343
0.4978 0.5022 0.2468 0.251 0.2757 0.2265
0.4922 0.5078 0.2522 0.24 0.2767 0.2311
0.4997 0.5003 0.251 0.2487 0.2711 0.2292
0.4956 0.5044 0.2508 0.2448 0.2755 0.2289
0.5008 0.4992 0.2535 0.2473 0.2729 0.2263
0.5082 0.4918 0.2575 0.2507 0.2762 0.2156
0.4956 0.5044 0.2499 0.2457 0.2734 0.231
0.4995 0.5005 0.2381 0.2614 0.2767 0.2238
0.495 0.505 0.2451 0.2499 0.2808 0.2242
0.5032 0.4968 0.2487 0.2545 0.2681 0.2287
0.5049 0.4951 0.2477 0.2572 0.2757 0.2194
0.5087 0.4913 0.2557 0.253 0.2688 0.2225
0.5043 0.4957 0.2484 0.2559 0.2719 0.2238
0.5002 0.4998 0.2506 0.2496 0.2705 0.2293
0.4889 0.5111 0.2425 0.2464 0.2785 0.2326
0.4997 0.5003 0.2497 0.25 0.2686 0.2317
0.5025 0.4975 0.2539 0.2486 0.2773 0.2202
0.4931 0.5069 0.2499 0.2432 0.2749 0.232
0.5053 0.4947 0.2515 0.2538 0.2657 0.229
0.5002 0.4998 0.2483 0.2519 0.2728 0.227
0.4964 0.5036 0.2505 0.2459 0.2722 0.2314
0.5055 0.4945 0.2552 0.2503 0.2718 0.2227
0.5144 0.4856 0.2557 0.2587 0.2625 0.2231
0.4996 0.5004 0.2489 0.2507 0.2716 0.2288
0.4944 0.5056 0.2505 0.2439 0.2813 0.2243
0.5034 0.4966 0.2518 0.2516 0.2743 0.2223
0.501 0.499 0.2542 0.2468 0.2764 0.2226
0.499 0.501 0.2528 0.2462 0.2785 0.2225
0.495 0.505 0.2484 0.2466 0.2758 0.2292
0.4952 0.5048 0.2497 0.2455 0.2752 0.2296
0.4963 0.5037 0.2472 0.2491 0.2717 0.232
0.4984 0.5016 0.2524 0.246 0.2794 0.2222
0.508 0.492 0.252 0.256 0.2669 0.2251
0.5095 0.4905 0.2558 0.2537 0.274 0.2165
0.4963 0.5037 0.2504 0.2459 0.2818 0.2219
0.5045 0.4955 0.2568 0.2477 0.2721 0.2234
0.5019 0.4981 0.25 0.2519 0.2704 0.2277
0.4965 0.5035 0.2483 0.2482 0.2728 0.2307
0.501 0.499 0.2552 0.2458 0.28 0.219
0.5023 0.4977 0.2494 0.2529 0.2811 0.2166
0.4904 0.5096 0.2512 0.2392 0.2765 0.2331
0.498 0.502 0.2517 0.2463 0.2814 0.2206
0.5012 0.4988 0.2459 0.2553 0.283 0.2158
0.5075 0.4925 0.2524 0.2551 0.2708 0.2217
0.5026 0.4974 0.2435 0.2591 0.2768 0.2206
0.501 0.499 0.2494 0.2516 0.2751 0.2239
0.4971 0.5029 0.2465 0.2506 0.2789 0.224
0.4963 0.5037 0.2525 0.2438 0.2789 0.2248
0.5027 0.4973 0.2514 0.2513 0.2705 0.2268
0.499 0.501 0.2481 0.2509 0.2737 0.2273
0.4939 0.5061 0.2444 0.2495 0.2801 0.226
0.5035 0.4965 0.2464 0.2571 0.2733 0.2232
0.5031 0.4969 0.2519 0.2512 0.2713 0.2256
0.4981 0.5019 0.2463 0.2518 0.2793 0.2226
0.5059 0.4941 0.2495 0.2564 0.2666 0.2275
0.5004 0.4996 0.2502 0.2502 0.2732 0.2264
0.4975 0.5025 0.2419 0.2556 0.2781 0.2244
0.4992 0.5008 0.2503 0.2489 0.2723 0.2285
0.4915 0.5085 0.2407 0.2508 0.2786 0.2299
0.4968 0.5032 0.2465 0.2503 0.2686 0.2346
0.5003 0.4997 0.2507 0.2496 0.2724 0.2273
0.4924 0.5076 0.248 0.2444 0.2823 0.2253
0.4982 0.5018 0.2501 0.2481 0.269 0.2328
0.5001 0.4999 0.2513 0.2488 0.276 0.2239
0.503 0.497 0.2508 0.2522 0.2759 0.2211
0.5059 0.4941 0.242 0.2639 0.2725 0.2216
0.5052 0.4948 0.2503 0.2549 0.2768 0.218
0.5 0.5 0.2499 0.2501 0.2758 0.2242
0.4927 0.5073 0.2429 0.2498 0.2743 0.233
0.5112 0.4888 0.2497 0.2615 0.2627 0.2261
0.4899 0.5101 0.2478 0.2421 0.2879 0.2222
0.4976 0.5024 0.2449 0.2527 0.277 0.2254
0.5001 0.4999 0.254 0.2461 0.2754 0.2245
0.4926 0.5074 0.2451 0.2475 0.2822 0.2252
0.5035 0.4965 0.2524 0.2511 0.2744 0.2221
0.5029 0.4971 0.2517 0.2512 0.2701 0.227
0.5034 0.4966 0.2559 0.2475 0.2653 0.2313
0.4899 0.5101 0.2429 0.247 0.2813 0.2288
0.4977 0.5023 0.2474 0.2503 0.2759 0.2264
0.499 0.501 0.2493 0.2497 0.2716 0.2294
0.4965 0.5035 0.2533 0.2432 0.2782 0.2253
0.4988 0.5012 0.2502 0.2486 0.2785 0.2227
0.4997 0.5003 0.2456 0.2541 0.2698 0.2305
0.5025 0.4975 0.252 0.2505 0.2741 0.2234
0.4977 0.5023 0.2458 0.2519 0.2728 0.2295
0.5052 0.4948 0.2559 0.2493 0.2751 0.2197
0.5078 0.4922 0.2586 0.2492 0.2672 0.225
0.4996 0.5004 0.2464 0.2532 0.2709 0.2295
0.5043 0.4957 0.2471 0.2572 0.2698 0.2259
0.4972 0.5028 0.2527 0.2445 0.2759 0.2269
0.4956 0.5044 0.245 0.2506 0.2724 0.232
0.5089 0.4911 0.259 0.2499 0.2661 0.225
0.4997 0.5003 0.2471 0.2526 0.2747 0.2256
0.5033 0.4967 0.2502 0.2531 0.2746 0.2221
0.5061 0.4939 0.249 0.2571 0.2667 0.2272
0.5022 0.4978 0.2515 0.2507 0.2664 0.2314
0.4954 0.5046 0.2505 0.2449 0.2808 0.2238
0.4961 0.5039 0.2476 0.2485 0.2745 0.2294
0.501 0.499 0.2449 0.2561 0.2701 0.2289
0.499 0.501 0.2472 0.2518 0.2769 0.2241
0.4988 0.5012 0.2492 0.2496 0.2739 0.2273
0.5056 0.4944 0.2467 0.2589 0.2713 0.2231
0.5001 0.4999 0.2489 0.2512 0.2722 0.2277
0.4959 0.5041 0.2433 0.2526 0.2812 0.2229
0.498 0.502 0.2477 0.2503 0.2783 0.2237
0.5015 0.4985 0.2515 0.25 0.2699 0.2286
0.495 0.505 0.25 0.245 0.2789 0.2261
0.4944 0.5056 0.2423 0.2521 0.2899 0.2157
0.499 0.501 0.2491 0.2499 0.2692 0.2318
0.4966 0.5034 0.246 0.2506 0.2752 0.2282
0.499 0.501 0.2455 0.2535 0.271 0.23
0.4953 0.5047 0.2475 0.2478 0.282 0.2227
0.5009 0.4991 0.2522 0.2487 0.2751 0.224
0.51 0.49 0.2498 0.2602 0.2716 0.2184
0.4955 0.5045 0.242 0.2535 0.2781 0.2264
0.4986 0.5014 0.2452 0.2534 0.2807 0.2207
0.495 0.505 0.2506 0.2444 0.272 0.233
0.5047 0.4953 0.2559 0.2488 0.2737 0.2216
0.4998 0.5002 0.2442 0.2556 0.275 0.2252
0.5085 0.4915 0.2572 0.2513 0.2651 0.2264
0.4919 0.5081 0.2468 0.2451 0.2818 0.2263
0.501 0.499 0.2506 0.2504 0.2642 0.2348
0.4982 0.5018 0.2523 0.2459 0.2801 0.2217
0.4971 0.5029 0.2506 0.2465 0.2724 0.2305
0.5081 0.4919 0.2554 0.2527 0.2723 0.2196
0.493 0.507 0.2506 0.2424 0.2765 0.2305
0.5017 0.4983 0.2562 0.2455 0.2708 0.2275
0.5125 0.4875 0.2573 0.2552 0.2667 0.2208
0.5101 0.4899 0.2568 0.2533 0.2706 0.2193
0.4928 0.5072 0.2496 0.2432 0.279 0.2282
0.4976 0.5024 0.2516 0.246 0.2811 0.2213
0.498 0.502 0.2492 0.2488 0.276 0.226
0.5068 0.4932 0.2584 0.2484 0.269 0.2242
0.4978 0.5022 0.2472 0.2506 0.2886 0.2136
0.4938 0.5062 0.2456 0.2482 0.2783 0.2279
0.4978 0.5022 0.2507 0.2471 0.2749 0.2273
0.5044 0.4956 0.2597 0.2447 0.2667 0.2289
0.4977 0.5023 0.2466 0.2511 0.2791 0.2232
0.4989 0.5011 0.246 0.2529 0.2793 0.2218
0.5047 0.4953 0.2481 0.2566 0.2714 0.2239
0.5076 0.4924 0.2548 0.2528 0.2695 0.2229
0.496 0.504 0.2517 0.2443 0.2754 0.2286
0.5002 0.4998 0.2523 0.2479 0.2746 0.2252
0.4996 0.5004 0.2567 0.2429 0.2764 0.224
0.5018 0.4982 0.2556 0.2462 0.276 0.2222
0.5064 0.4936 0.2535 0.2529 0.2722 0.2214
0.507 0.493 0.2503 0.2567 0.2666 0.2264
0.4999 0.5001 0.2478 0.2521 0.2733 0.2268
0.5015 0.4985 0.2523 0.2492 0.2733 0.2252
0.4994 0.5006 0.2457 0.2537 0.2741 0.2265
0.5058 0.4942 0.2487 0.2571 0.2716 0.2226
0.4994 0.5006 0.2485 0.2509 0.2793 0.2213
0.5056 0.4944 0.2531 0.2525 0.2749 0.2195
0.4964 0.5036 0.2439 0.2525 0.2799 0.2237
0.4964 0.5036 0.2461 0.2503 0.276 0.2276
0.4885 0.5115 0.2415 0.247 0.2816 0.2299
0.5009 0.4991 0.2531 0.2478 0.2754 0.2237
0.4993 0.5007 0.2463 0.253 0.2786 0.2221
0.5032 0.4968 0.2549 0.2483 0.2719 0.2249
0.5012 0.4988 0.2481 0.2531 0.2695 0.2293
0.5003 0.4997 0.2494 0.2509 0.2767 0.223
0.5099 0.4901 0.247 0.2629 0.2682 0.2219
0.4991 0.5009 0.2454 0.2537 0.2796 0.2213
0.5022 0.4978 0.2516 0.2506 0.2743 0.2235
0.5055 0.4945 0.2516 0.2539 0.2692 0.2253
0.5006 0.4994 0.2498 0.2508 0.2738 0.2256
0.4975 0.5025 0.2473 0.2502 0.2741 0.2284
0.4945 0.5055 0.2481 0.2464 0.2849 0.2206
0.4958 0.5042 0.2445 0.2513 0.2814 0.2228
0.5148 0.4852 0.2581 0.2567 0.2656 0.2196
0.499 0.501 0.2524 0.2466 0.2753 0.2257
0.4966 0.5034 0.2456 0.251 0.2742 0.2292
0.4967 0.5033 0.2462 0.2505 0.2817 0.2216
0.5038 0.4962 0.2519 0.2519 0.2745 0.2217
0.5036 0.4964 0.2482 0.2554 0.2718 0.2246
0.4897 0.5103 0.2516 0.2381 0.2803 0.23
0.5082 0.4918 0.2529 0.2553 0.2715 0.2203
0.5012 0.4988 0.2552 0.246 0.2801 0.2187
0.501 0.499 0.2511 0.2499 0.2761 0.2229
0.4934 0.5066 0.2506 0.2428 0.2804 0.2262
0.5047 0.4953 0.2544 0.2503 0.2691 0.2262
0.4977 0.5023 0.2385 0.2592 0.2729 0.2294
0.5001 0.4999 0.2486 0.2515 0.2805 0.2194
0.5029 0.4971 0.2477 0.2552 0.2734 0.2237
0.5003 0.4997 0.2443 0.256 0.2751 0.2246
0.4981 0.5019 0.2438 0.2543 0.2706 0.2313
0.497 0.503 0.2543 0.2427 0.2843 0.2187
0.5049 0.4951 0.2543 0.2506 0.2734 0.2217
0.5058 0.4942 0.2589 0.2469 0.2743 0.2199
0.4992 0.5008 0.247 0.2522 0.268 0.2328
0.4938 0.5062 0.2488 0.245 0.2849 0.2213
0.5027 0.4973 0.2526 0.2501 0.2727 0.2246
0.489 0.511 0.2464 0.2426 0.2803 0.2307
0.4966 0.5034 0.2448 0.2518 0.2801 0.2233
0.4963 0.5037 0.251 0.2453 0.278 0.2257
0.4923 0.5077 0.2463 0.246 0.2778 0.2299
0.4989 0.5011 0.2566 0.2423 0.2818 0.2193
0.5017 0.4983 0.2506 0.2511 0.2771 0.2212
0.4996 0.5004 0.246 0.2536 0.275 0.2254
0.4971 0.5029 0.2524 0.2447 0.2731 0.2298
0.4975 0.5025 0.2458 0.2517 0.2782 0.2243
0.4984 0.5016 0.2479 0.2505 0.2853 0.2163
0.5016 0.4984 0.2503 0.2513 0.2767 0.2217
0.5058 0.4942 0.2475 0.2583 0.2726 0.2216
0.5033 0.4967 0.2508 0.2525 0.2702 0.2265
0.5041 0.4959 0.2413 0.2628 0.2715 0.2244
0.498 0.502 0.2466 0.2514 0.2769 0.2251
0.5051 0.4949 0.2548 0.2503 0.269 0.2259
0.4956 0.5044 0.2473 0.2483 0.2729 0.2315
0.501 0.499 0.2476 0.2534 0.2717 0.2273
0.5072 0.4928 0.2592 0.248 0.2724 0.2204
0.4982 0.5018 0.2498 0.2484 0.2739 0.2279
0.4998 0.5002 0.251 0.2488 0.2754 0.2248
0.4999 0.5001 0.2511 0.2488 0.2703 0.2298
0.5061 0.4939 0.2519 0.2542 0.2674 0.2265
0.5048 0.4952 0.2529 0.2519 0.2761 0.2191
0.4973 0.5027 0.247 0.2503 0.2765 0.2262
0.495 0.505 0.2458 0.2492 0.2786 0.2264
0.5046 0.4954 0.2521 0.2525 0.2721 0.2233
