0.5024 0.4976 0.2482 0.2542 0.2958 0.2018
0.5043 0.4957 0.2606 0.2437 0.2926 0.2031
0.4864 0.5136 0.2417 0.2447 0.3041 0.2095
0.4919 0.5081 0.2408 0.2511 0.3038 0.2043
0.4999 0.5001 0.2476 0.2523 0.303 0.1971
0.4972 0.5028 0.2513 0.2459 0.3065 0.1963
0.5 0.5 0.248 0.252 0.296 0.204
0.4931 0.5069 0.2483 0.2448 0.3043 0.2026
0.4971 0.5029 0.2453 0.2518 0.2984 0.2045
0.496 0.504 0.2436 0.2524 0.3078 0.1962
0.5038 0.4962 0.2469 0.2569 0.295 0.2012
0.4966 0.5034 0.2424 0.2542 0.3027 0.2007
0.502 0.498 0.259 0.243 0.3022 0.1958
0.5003 0.4997 0.2477 0.2526 0.2982 0.2015
0.5008 0.4992 0.2541 0.2467 0.299 0.2002
0.5011 0.4989 0.2529 0.2482 0.2966 0.2023
0.493 0.507 0.2438 0.2492 0.3052 0.2018
0.4982 0.5018 0.2484 0.2498 0.3011 0.2007
0.5014 0.4986 0.2525 0.2489 0.2944 0.2042
0.4967 0.5033 0.2524 0.2443 0.3041 0.1992
0.4987 0.5013 0.2472 0.2515 0.3 0.2013
0.492 0.508 0.2475 0.2445 0.3009 0.2071
0.5006 0.4994 0.2504 0.2502 0.2976 0.2018
0.5091 0.4909 0.262 0.2471 0.2911 0.1998
0.5048 0.4952 0.2504 0.2544 0.2881 0.2071
0.5086 0.4914 0.2557 0.2529 0.2997 0.1917
0.5084 0.4916 0.2602 0.2482 0.294 0.1976
0.5029 0.4971 0.2523 0.2506 0.3022 0.1949
0.5041 0.4959 0.2548 0.2493 0.3044 0.1915
0.5009 0.4991 0.2545 0.2464 0.2956 0.2035
0.5008 0.4992 0.2488 0.252 0.2989 0.2003
0.5015 0.4985 0.2438 0.2577 0.3003 0.1982
0.4995 0.5005 0.2387 0.2608 0.2944 0.2061
0.4968 0.5032 0.2466 0.2502 0.3039 0.1993
0.4984 0.5016 0.247 0.2514 0.3073 0.1943
0.4981 0.5019 0.2495 0.2486 0.3054 0.1965
0.4947 0.5053 0.2423 0.2524 0.3019 0.2034
0.4972 0.5028 0.2495 0.2477 0.3015 0.2013
0.4945 0.5055 0.2471 0.2474 0.3028 0.2027
0.492 0.508 0.2431 0.2489 0.2993 0.2087
0.5008 0.4992 0.2569 0.2439 0.2981 0.2011
0.4964 0.5036 0.2519 0.2445 0.2955 0.2081
0.4938 0.5062 0.2406 0.2532 0.3063 0.1999
0.5024 0.4976 0.2492 0.2532 0.2975 0.2001
0.5001 0.4999 0.2457 0.2544 0.3028 0.1971
0.5028 0.4972 0.251 0.2518 0.3007 0.1965
0.4973 0.5027 0.2429 0.2544 0.2977 0.205
0.4971 0.5029 0.2459 0.2512 0.306 0.1969
0.4962 0.5038 0.2485 0.2477 0.3002 0.2036
0.5059 0.4941 0.2583 0.2476 0.2972 0.1969
0.4983 0.5017 0.2478 0.2505 0.2994 0.2023
0.506 0.494 0.2511 0.2549 0.2937 0.2003
0.5045 0.4955 0.2525 0.252 0.2952 0.2003
0.4921 0.5079 0.244 0.2481 0.3088 0.1991
0.5136 0.4864 0.2557 0.2579 0.2956 0.1908
0.4924 0.5076 0.2422 0.2502 0.3008 0.2068
0.4999 0.5001 0.2498 0.2501 0.299 0.2011
0.5033 0.4967 0.2599 0.2434 0.297 0.1997
0.4995 0.5005 0.2511 0.2484 0.303 0.1975
0.504 0.496 0.2513 0.2527 0.2927 0.2033
0.4946 0.5054 0.2484 0.2462 0.3032 0.2022
0.5001 0.4999 0.2478 0.2523 0.3011 0.1988
0.5004 0.4996 0.2546 0.2458 0.2981 0.2015
0.4956 0.5044 0.2448 0.2508 0.3076 0.1968
0.5034 0.4966 0.2515 0.2519 0.2958 0.2008
0.4948 0.5052 0.2496 0.2452 0.3018 0.2034
0.5073 0.4927 0.2566 0.2507 0.2997 0.193
0.5022 0.4978 0.2513 0.2509 0.3022 0.1956
0.4918 0.5082 0.2506 0.2412 0.3123 0.1959
0.4992 0.5008 0.2484 0.2508 0.3018 0.199
0.4992 0.5008 0.2502 0.249 0.3017 0.1991
0.4985 0.5015 0.2427 0.2558 0.3005 0.201
0.4968 0.5032 0.2444 0.2524 0.3036 0.1996
0.5027 0.4973 0.2566 0.2461 0.3027 0.1946
0.4986 0.5014 0.2495 0.2491 0.3021 0.1993
0.4908 0.5092 0.2421 0.2487 0.3007 0.2085
0.4944 0.5056 0.2433 0.2511 0.3063 0.1993
0.5052 0.4948 0.2498 0.2554 0.2996 0.1952
0.4979 0.5021 0.2528 0.2451 0.298 0.2041
0.5015 0.4985 0.2495 0.252 0.3026 0.1959
0.4958 0.5042 0.2456 0.2502 0.3045 0.1997
0.5035 0.4965 0.254 0.2495 0.2978 0.1987
0.5016 0.4984 0.2497 0.2519 0.3014 0.197
0.4994 0.5006 0.251 0.2484 0.2993 0.2013
0.5001 0.4999 0.25 0.2501 0.3022 0.1977
0.4909 0.5091 0.2417 0.2492 0.2954 0.2137
0.4952 0.5048 0.2455 0.2497 0.2995 0.2053
0.505 0.495 0.2408 0.2642 0.2904 0.2046
0.4951 0.5049 0.2484 0.2467 0.3073 0.1976
0.4977 0.5023 0.251 0.2467 0.3062 0.1961
0.4972 0.5028 0.2518 0.2454 0.306 0.1968
0.5114 0.4886 0.2487 0.2627 0.296 0.1926
0.4949 0.5051 0.2471 0.2478 0.3054 0.1997
0.5015 0.4985 0.254 0.2475 0.3007 0.1978
0.4932 0.5068 0.2414 0.2518 0.3042 0.2026
0.4924 0.5076 0.2509 0.2415 0.3048 0.2028
0.5027 0.4973 0.2484 0.2543 0.2907 0.2066
0.5006 0.4994 0.2502 0.2504 0.2972 0.2022
0.5005 0.4995 0.2441 0.2564 0.2974 0.2021
0.5059 0.4941 0.2525 0.2534 0.2998 0.1943
0.4956 0.5044 0.2441 0.2515 0.305 0.1994
0.5001 0.4999 0.2493 0.2508 0.3003 0.1996
0.506 0.494 0.2558 0.2502 0.3026 0.1914
0.5046 0.4954 0.2484 0.2562 0.2972 0.1982
0.4986 0.5014 0.2481 0.2505 0.298 0.2034
0.5035 0.4965 0.2606 0.2429 0.2999 0.1966
0.5091 0.4909 0.2548 0.2543 0.2881 0.2028
0.4999 0.5001 0.2472 0.2527 0.3039 0.1962
0.4997 0.5003 0.2498 0.2499 0.2972 0.2031
0.4978 0.5022 0.2484 0.2494 0.308 0.1942
0.5076 0.4924 0.257 0.2506 0.2944 0.198
0.4999 0.5001 0.2518 0.2481 0.2932 0.2069
0.494 0.506 0.2485 0.2455 0.309 0.197
0.4968 0.5032 0.2479 0.2489 0.3011 0.2021
0.4978 0.5022 0.2487 0.2491 0.3031 0.1991
0.4999 0.5001 0.2477 0.2522 0.3037 0.1964
0.4983 0.5017 0.2465 0.2518 0.2963 0.2054
0.4932 0.5068 0.2439 0.2493 0.302 0.2048
0.5046 0.4954 0.2533 0.2513 0.2953 0.2001
0.5 0.5 0.2468 0.2532 0.2972 0.2028
0.4974 0.5026 0.2448 0.2526 0.305 0.1976
0.5047 0.4953 0.2493 0.2554 0.2922 0.2031
0.4914 0.5086 0.2418 0.2496 0.3098 0.1988
0.4959 0.5041 0.2454 0.2505 0.2986 0.2055
0.4953 0.5047 0.2533 0.242 0.3008 0.2039
0.5003 0.4997 0.254 0.2463 0.2948 0.2049
0.4987 0.5013 0.2471 0.2516 0.2949 0.2064
0.4969 0.5031 0.2506 0.2463 0.3022 0.2009
0.5062 0.4938 0.2494 0.2568 0.2965 0.1973
0.4984 0.5016 0.2518 0.2466 0.2993 0.2023
0.4968 0.5032 0.2479 0.2489 0.2994 0.2038
0.4989 0.5011 0.2512 0.2477 0.2984 0.2027
0.4991 0.5009 0.2556 0.2435 0.3036 0.1973
0.494 0.506 0.2444 0.2496 0.3081 0.1979
0.5068 0.4932 0.2569 0.2499 0.2981 0.1951
0.504 0.496 0.2536 0.2504 0.2998 0.1962
0.5023 0.4977 0.2497 0.2526 0.305 0.1927
0.5039 0.4961 0.2564 0.2475 0.2942 0.2019
0.4992 0.5008 0.2522 0.247 0.2969 0.2039
0.5093 0.4907 0.2537 0.2556 0.2969 0.1938
0.5036 0.4964 0.2487 0.2549 0.2975 0.1989
0.4995 0.5005 0.2498 0.2497 0.2931 0.2074
0.5057 0.4943 0.253 0.2527 0.2935 0.2008
0.5091 0.4909 0.2615 0.2476 0.291 0.1999
0.4998 0.5002 0.2465 0.2533 0.3064 0.1938
0.4948 0.5052 0.2529 0.2419 0.3088 0.1964
0.4978 0.5022 0.247 0.2508 0.2986 0.2036
0.5014 0.4986 0.2536 0.2478 0.3042 0.1944
0.5023 0.4977 0.2483 0.254 0.2978 0.1999
0.4997 0.5003 0.2468 0.2529 0.2989 0.2014
0.5051 0.4949 0.2522 0.2529 0.3008 0.1941
0.4925 0.5075 0.2476 0.2449 0.3053 0.2022
0.498 0.502 0.2548 0.2432 0.3016 0.2004
0.5002 0.4998 0.2479 0.2523 0.3067 0.1931
0.4995 0.5005 0.2523 0.2472 0.2994 0.2011
0.4976 0.5024 0.2526 0.245 0.3066 0.1958
0.4962 0.5038 0.2508 0.2454 0.3038 0.2
0.4962 0.5038 0.251 0.2452 0.3064 0.1974
0.4964 0.5036 0.2476 0.2488 0.308 0.1956
0.4986 0.5014 0.2501 0.2485 0.3002 0.2012
0.5036 0.4964 0.2479 0.2557 0.2976 0.1988
0.4991 0.5009 0.2519 0.2472 0.3001 0.2008
0.5004 0.4996 0.2493 0.2511 0.3044 0.1952
0.4975 0.5025 0.2457 0.2518 0.308 0.1945
0.5018 0.4982 0.2484 0.2534 0.3016 0.1966
0.5051 0.4949 0.2529 0.2522 0.2966 0.1983
0.5055 0.4945 0.2499 0.2556 0.2936 0.2009
0.511 0.489 0.2538 0.2572 0.29 0.199
0.5058 0.4942 0.2538 0.252 0.2967 0.1975
0.5076 0.4924 0.2489 0.2587 0.296 0.1964
0.5006 0.4994 0.251 0.2496 0.3038 0.1956
0.4993 0.5007 0.2552 0.2441 0.303 0.1977
0.5006 0.4994 0.2554 0.2452 0.3053 0.1941
0.5012 0.4988 0.2498 0.2514 0.296 0.2028
0.5003 0.4997 0.2466 0.2537 0.3028 0.1969
0.5063 0.4937 0.254 0.2523 0.2948 0.1989
0.4936 0.5064 0.2505 0.2431 0.3002 0.2062
0.4989 0.5011 0.2388 0.2601 0.3004 0.2007
0.5044 0.4956 0.2539 0.2505 0.3014 0.1942
0.4978 0.5022 0.2527 0.2451 0.3043 0.1979
0.5048 0.4952 0.2577 0.2471 0.2956 0.1996
0.5076 0.4924 0.2551 0.2525 0.2967 0.1957
0.4978 0.5022 0.2465 0.2513 0.2982 0.204
0.4997 0.5003 0.2472 0.2525 0.3055 0.1948
0.5044 0.4956 0.2539 0.2505 0.2926 0.203
0.5003 0.4997 0.2515 0.2488 0.2997 0.2
0.5071 0.4929 0.2545 0.2526 0.2924 0.2005
0.4945 0.5055 0.2456 0.2489 0.3008 0.2047
0.4987 0.5013 0.2482 0.2505 0.302 0.1993
0.5054 0.4946 0.2568 0.2486 0.3007 0.1939
0.5024 0.4976 0.262 0.2404 0.2923 0.2053
0.4994 0.5006 0.2499 0.2495 0.2998 0.2008
0.503 0.497 0.2497 0.2533 0.2994 0.1976
0.5095 0.4905 0.2574 0.2521 0.2871 0.2034
0.5069 0.4931 0.2545 0.2524 0.3006 0.1925
0.4982 0.5018 0.2547 0.2435 0.3004 0.2014
0.5013 0.4987 0.2422 0.2591 0.3008 0.1979
0.4983 0.5017 0.2528 0.2455 0.2976 0.2041
0.503 0.497 0.2568 0.2462 0.2991 0.1979
0.5054 0.4946 0.2558 0.2496 0.2968 0.1978
0.4963 0.5037 0.2486 0.2477 0.3031 0.2006
0.4909 0.5091 0.2414 0.2495 0.3056 0.2035
0.5045 0.4955 0.2605 0.244 0.2966 0.1989
0.5105 0.4895 0.2556 0.2549 0.2954 0.1941
0.5018 0.4982 0.2452 0.2566 0.2989 0.1993
0.4988 0.5012 0.2478 0.251 0.3026 0.1986
0.4984 0.5016 0.2508 0.2476 0.2969 0.2047
0.5084 0.4916 0.2561 0.2523 0.2907 0.2009
0.4972 0.5028 0.2478 0.2494 0.3011 0.2017
0.5121 0.4879 0.2522 0.2599 0.2932 0.1947
0.5009 0.4991 0.25 0.2509 0.296 0.2031
0.4919 0.5081 0.2446 0.2473 0.3077 0.2004
0.51 0.49 0.2488 0.2612 0.2953 0.1947
0.5015 0.4985 0.2517 0.2498 0.3013 0.1972
0.5054 0.4946 0.2507 0.2547 0.2962 0.1984
0.498 0.502 0.2452 0.2528 0.2993 0.2027
0.4971 0.5029 0.248 0.2491 0.309 0.1939
0.4977 0.5023 0.2527 0.245 0.3006 0.2017
0.5006 0.4994 0.2522 0.2484 0.2967 0.2027
0.5014 0.4986 0.2512 0.2502 0.2999 0.1987
0.5021 0.4979 0.2517 0.2504 0.3 0.1979
0.4998 0.5002 0.249 0.2508 0.3021 0.1981
0.4927 0.5073 0.2472 0.2455 0.3076 0.1997
0.5011 0.4989 0.2535 0.2476 0.3 0.1989
0.497 0.503 0.2545 0.2425 0.3024 0.2006
0.5019 0.4981 0.2559 0.246 0.2921 0.206
0.4999 0.5001 0.2502 0.2497 0.3002 0.1999
0.5007 0.4993 0.2448 0.2559 0.2974 0.2019
0.4916 0.5084 0.2398 0.2518 0.3067 0.2017
0.5028 0.4972 0.2474 0.2554 0.2992 0.198
0.5003 0.4997 0.2487 0.2516 0.2967 0.203
0.501 0.499 0.2521 0.2489 0.302 0.197
0.5016 0.4984 0.2471 0.2545 0.2989 0.1995
0.4959 0.5041 0.2484 0.2475 0.3086 0.1955
0.5034 0.4966 0.2436 0.2598 0.2995 0.1971
0.5058 0.4942 0.2497 0.2561 0.299 0.1952
0.4938 0.5062 0.2468 0.247 0.2975 0.2087
0.5011 0.4989 0.2448 0.2563 0.3033 0.1956
0.502 0.498 0.2509 0.2511 0.3043 0.1937
0.4942 0.5058 0.2484 0.2458 0.3002 0.2056
0.4924 0.5076 0.2521 0.2403 0.3053 0.2023
0.4981 0.5019 0.2484 0.2497 0.3013 0.2006
0.5028 0.4972 0.2503 0.2525 0.3015 0.1957
0.497 0.503 0.2443 0.2527 0.3016 0.2014
0.5019 0.4981 0.2545 0.2474 0.3067 0.1914
0.5021 0.4979 0.2575 0.2446 0.3025 0.1954
0.5 0.5 0.2494 0.2506 0.3016 0.1984
0.5055 0.4945 0.2504 0.2551 0.2984 0.1961
0.5072 0.4928 0.2545 0.2527 0.2902 0.2026
0.5017 0.4983 0.2559 0.2458 0.3066 0.1917
0.5053 0.4947 0.2559 0.2494 0.2941 0.2006
0.4948 0.5052 0.2536 0.2412 0.3022 0.203
0.5052 0.4948 0.2495 0.2557 0.2963 0.1985
0.4977 0.5023 0.2536 0.2441 0.3028 0.1995
0.4992 0.5008 0.2503 0.2489 0.3021 0.1987
0.507 0.493 0.2525 0.2545 0.3017 0.1913
0.5023 0.4977 0.254 0.2483 0.3001 0.1976
0.5032 0.4968 0.255 0.2482 0.2927 0.2041
0.4992 0.5008 0.2586 0.2406 0.2969 0.2039
0.5003 0.4997 0.2572 0.2431 0.2975 0.2022
0.4976 0.5024 0.25 0.2476 0.3003 0.2021
0.4879 0.5121 0.2459 0.242 0.3062 0.2059
0.4966 0.5034 0.2493 0.2473 0.305 0.1984
0.5004 0.4996 0.2493 0.2511 0.2974 0.2022
0.5042 0.4958 0.2512 0.253 0.3026 0.1932
0.4993 0.5007 0.2528 0.2465 0.2994 0.2013
0.5025 0.4975 0.2532 0.2493 0.2988 0.1987
0.4989 0.5011 0.2516 0.2473 0.3038 0.1973
0.5006 0.4994 0.2476 0.253 0.2992 0.2002
0.4949 0.5051 0.2469 0.248 0.3021 0.203
0.4989 0.5011 0.2551 0.2438 0.2978 0.2033
0.4963 0.5037 0.2445 0.2518 0.3012 0.2025
0.4974 0.5026 0.2542 0.2432 0.2966 0.206
0.4974 0.5026 0.2499 0.2475 0.303 0.1996
0.4999 0.5001 0.245 0.2549 0.2994 0.2007
0.4979 0.5021 0.2512 0.2467 0.299 0.2031
0.4956 0.5044 0.2426 0.253 0.2994 0.205
0.4924 0.5076 0.2418 0.2506 0.3083 0.1993
0.4987 0.5013 0.2503 0.2484 0.3023 0.199
0.5082 0.4918 0.254 0.2542 0.2945 0.1973
0.4996 0.5004 0.2544 0.2452 0.2992 0.2012
0.4972 0.5028 0.2489 0.2483 0.303 0.1998
0.5007 0.4993 0.2553 0.2454 0.2964 0.2029
0.4946 0.5054 0.2406 0.254 0.3071 0.1983
0.5033 0.4967 0.2578 0.2455 0.2958 0.2009
0.4943 0.5057 0.2464 0.2479 0.3029 0.2028
0.5025 0.4975 0.2493 0.2532 0.2996 0.1979
0.5056 0.4944 0.2564 0.2492 0.2905 0.2039
0.5074 0.4926 0.251 0.2564 0.2933 0.1993
0.5092 0.4908 0.2557 0.2535 0.2912 0.1996
0.4994 0.5006 0.2536 0.2458 0.3033 0.1973
0.5058 0.4942 0.2526 0.2532 0.2975 0.1967
0.4965 0.5035 0.2522 0.2443 0.2991 0.2044
0.5017 0.4983 0.2562 0.2455 0.2963 0.202
0.4957 0.5043 0.2509 0.2448 0.3063 0.198
0.4936 0.5064 0.2435 0.2501 0.303 0.2034
0.5168 0.4832 0.2562 0.2606 0.2863 0.1969
0.4996 0.5004 0.2544 0.2452 0.2974 0.203
0.5012 0.4988 0.2448 0.2564 0.2965 0.2023
0.5062 0.4938 0.2469 0.2593 0.295 0.1988
0.5012 0.4988 0.2502 0.251 0.3039 0.1949
0.4968 0.5032 0.2519 0.2449 0.3036 0.1996
0.5049 0.4951 0.2514 0.2535 0.3022 0.1929
0.5014 0.4986 0.2543 0.2471 0.302 0.1966
0.4981 0.5019 0.2491 0.249 0.3001 0.2018
0.4991 0.5009 0.2521 0.247 0.2964 0.2045
0.4964 0.5036 0.2521 0.2443 0.3037 0.1999
0.4966 0.5034 0.2515 0.2451 0.3053 0.1981
0.5029 0.4971 0.2558 0.2471 0.299 0.1981
0.5026 0.4974 0.2551 0.2475 0.3009 0.1965
0.5068 0.4932 0.2612 0.2456 0.2956 0.1976
0.4952 0.5048 0.2488 0.2464 0.2962 0.2086
0.4979 0.5021 0.2504 0.2475 0.3077 0.1944
0.493 0.507 0.2438 0.2492 0.3059 0.2011
0.5013 0.4987 0.2472 0.2541 0.3011 0.1976
0.4998 0.5002 0.2518 0.248 0.2936 0.2066
0.4953 0.5047 0.2461 0.2492 0.3044 0.2003
0.5082 0.4918 0.2562 0.252 0.2958 0.196
0.5017 0.4983 0.2545 0.2472 0.3006 0.1977
0.5028 0.4972 0.2456 0.2572 0.3033 0.1939
0.5032 0.4968 0.2538 0.2494 0.2918 0.205
0.4993 0.5007 0.2527 0.2466 0.2969 0.2038
0.504 0.496 0.2553 0.2487 0.2931 0.2029
0.5026 0.4974 0.2475 0.2551 0.2983 0.1991
0.4995 0.5005 0.2499 0.2496 0.3026 0.1979
0.5089 0.4911 0.2509 0.258 0.2946 0.1965
0.4967 0.5033 0.246 0.2507 0.3032 0.2001
0.5047 0.4953 0.2577 0.247 0.2967 0.1986
0.4898 0.5102 0.2457 0.2441 0.3085 0.2017
0.5059 0.4941 0.2459 0.26 0.2971 0.197
0.4997 0.5003 0.2494 0.2503 0.2934 0.2069
0.4928 0.5072 0.2452 0.2476 0.3054 0.2018
0.4954 0.5046 0.2453 0.2501 0.3059 0.1987
0.5074 0.4926 0.2474 0.26 0.2946 0.198
0.4987 0.5013 0.2428 0.2559 0.2972 0.2041
0.4959 0.5041 0.2434 0.2525 0.3032 0.2009
0.4886 0.5114 0.2455 0.2431 0.3068 0.2046
0.5077 0.4923 0.2556 0.2521 0.2982 0.1941
0.4909 0.5091 0.2494 0.2415 0.3019 0.2072
0.5008 0.4992 0.2498 0.251 0.3031 0.1961
0.4963 0.5037 0.2484 0.2479 0.2983 0.2054
0.4997 0.5003 0.2462 0.2535 0.2981 0.2022
0.5005 0.4995 0.2441 0.2564 0.3022 0.1973
0.494 0.506 0.2485 0.2455 0.3058 0.2002
0.4981 0.5019 0.2457 0.2524 0.2999 0.202
0.5002 0.4998 0.2487 0.2515 0.2969 0.2029
0.5041 0.4959 0.2502 0.2539 0.298 0.1979
0.4981 0.5019 0.2428 0.2553 0.2979 0.204
0.5195 0.4805 0.2567 0.2628 0.287 0.1935
0.4967 0.5033 0.2476 0.2491 0.3031 0.2002
0.4973 0.5027 0.2475 0.2498 0.3049 0.1978
0.4919 0.5081 0.2487 0.2432 0.3024 0.2057
0.4982 0.5018 0.2429 0.2553 0.3046 0.1972
0.496 0.504 0.2505 0.2455 0.3029 0.2011
0.4961 0.5039 0.2482 0.2479 0.3044 0.1995
0.4971 0.5029 0.252 0.2451 0.3004 0.2025
0.5004 0.4996 0.2525 0.2479 0.2986 0.201
0.4994 0.5006 0.2495 0.2499 0.3056 0.195
0.5016 0.4984 0.2486 0.253 0.3045 0.1939
0.5136 0.4864 0.2624 0.2512 0.2873 0.1991
0.5032 0.4968 0.2416 0.2616 0.2996 0.1972
0.4946 0.5054 0.2459 0.2487 0.3088 0.1966
0.5028 0.4972 0.2466 0.2562 0.3033 0.1939
0.4985 0.5015 0.2476 0.2509 0.3028 0.1987
0.5005 0.4995 0.2485 0.252 0.3077 0.1918
0.4916 0.5084 0.2535 0.2381 0.3048 0.2036
0.5048 0.4952 0.252 0.2528 0.2984 0.1968
0.5095 0.4905 0.2579 0.2516 0.2931 0.1974
0.5052 0.4948 0.2511 0.2541 0.3035 0.1913
0.5078 0.4922 0.2555 0.2523 0.296 0.1962
0.4978 0.5022 0.2495 0.2483 0.303 0.1992
0.4999 0.5001 0.2527 0.2472 0.299 0.2011
0.5011 0.4989 0.2508 0.2503 0.2987 0.2002
0.4969 0.5031 0.2472 0.2497 0.3053 0.1978
0.4933 0.5067 0.2431 0.2502 0.3039 0.2028
0.503 0.497 0.2522 0.2508 0.2949 0.2021
0.5009 0.4991 0.2475 0.2534 0.3032 0.1959
0.5018 0.4982 0.2558 0.246 0.2964 0.2018
0.4959 0.5041 0.2418 0.2541 0.3051 0.199
0.5002 0.4998 0.2524 0.2478 0.3016 0.1982
0.5071 0.4929 0.253 0.2541 0.294 0.1989
0.4934 0.5066 0.2505 0.2429 0.3024 0.2042
0.5014 0.4986 0.2535 0.2479 0.3046 0.194
0.4976 0.5024 0.2473 0.2503 0.3042 0.1982
0.4949 0.5051 0.245 0.2499 0.2983 0.2068
0.4984 0.5016 0.2493 0.2491 0.3004 0.2012
0.4978 0.5022 0.2424 0.2554 0.2987 0.2035
0.4955 0.5045 0.2389 0.2566 0.301 0.2035
0.5039 0.4961 0.2557 0.2482 0.2933 0.2028
0.4971 0.5029 0.2437 0.2534 0.3002 0.2027
0.4989 0.5011 0.2536 0.2453 0.3033 0.1978
0.5094 0.4906 0.2514 0.258 0.2952 0.1954
0.5031 0.4969 0.2523 0.2508 0.2945 0.2024
0.4931 0.5069 0.2442 0.2489 0.302 0.2049
0.4936 0.5064 0.2503 0.2433 0.2989 0.2075
0.4961 0.5039 0.2563 0.2398 0.3043 0.1996
0.4976 0.5024 0.2448 0.2528 0.3102 0.1922
0.5073 0.4927 0.2582 0.2491 0.2968 0.1959
0.5008 0.4992 0.2476 0.2532 0.3026 0.1966
0.497 0.503 0.2452 0.2518 0.3057 0.1973
0.4967 0.5033 0.2529 0.2438 0.3051 0.1982
0.5019 0.4981 0.2497 0.2522 0.3008 0.1973
0.4951 0.5049 0.2504 0.2447 0.3005 0.2044
0.4996 0.5004 0.2506 0.249 0.2993 0.2011
0.4929 0.5071 0.2445 0.2484 0.3013 0.2058
0.4987 0.5013 0.2436 0.2551 0.2994 0.2019
0.4993 0.5007 0.2498 0.2495 0.3037 0.197
0.4985 0.5015 0.2473 0.2512 0.2979 0.2036
0.4974 0.5026 0.2535 0.2439 0.3005 0.2021
0.5016 0.4984 0.2546 0.247 0.3025 0.1959
0.5014 0.4986 0.25 0.2514 0.2932 0.2054
0.4871 0.5129 0.2388 0.2483 0.3042 0.2087
0.4972 0.5028 0.2599 0.2373 0.2925 0.2103
0.5076 0.4924 0.2549 0.2527 0.2963 0.1961
0.505 0.495 0.2527 0.2523 0.2985 0.1965
0.4916 0.5084 0.2458 0.2458 0.3022 0.2062
0.5014 0.4986 0.2478 0.2536 0.3016 0.197
0.4967 0.5033 0.2508 0.2459 0.2981 0.2052
0.4947 0.5053 0.2534 0.2413 0.304 0.2013
0.4976 0.5024 0.2527 0.2449 0.3079 0.1945
0.5006 0.4994 0.245 0.2556 0.3033 0.1961
0.5004 0.4996 0.2535 0.2469 0.3001 0.1995
0.5063 0.4937 0.2505 0.2558 0.2941 0.1996
0.4896 0.5104 0.238 0.2516 0.3074 0.203
0.5006 0.4994 0.2496 0.251 0.2974 0.202
0.5044 0.4956 0.2525 0.2519 0.3013 0.1943
0.4989 0.5011 0.2462 0.2527 0.2962 0.2049
0.4969 0.5031 0.2548 0.2421 0.2985 0.2046
0.4956 0.5044 0.2434 0.2522 0.2997 0.2047
0.4957 0.5043 0.2462 0.2495 0.3039 0.2004
0.5019 0.4981 0.2595 0.2424 0.3009 0.1972
0.5076 0.4924 0.246 0.2616 0.2963 0.1961
0.4998 0.5002 0.255 0.2448 0.3028 0.1974
0.5004 0.4996 0.2536 0.2468 0.2962 0.2034
0.503 0.497 0.2435 0.2595 0.2955 0.2015
0.4939 0.5061 0.2449 0.249 0.3037 0.2024
0.5066 0.4934 0.2489 0.2577 0.2993 0.1941
0.5024 0.4976 0.2539 0.2485 0.3023 0.1953
0.4976 0.5024 0.2504 0.2472 0.2972 0.2052
0.4932 0.5068 0.2498 0.2434 0.3076 0.1992
0.4971 0.5029 0.248 0.2491 0.3045 0.1984
0.4966 0.5034 0.2502 0.2464 0.3001 0.2033
0.5014 0.4986 0.2562 0.2452 0.2956 0.203
0.5009 0.4991 0.2484 0.2525 0.2981 0.201
0.5014 0.4986 0.2499 0.2515 0.3024 0.1962
0.4949 0.5051 0.2506 0.2443 0.3003 0.2048
0.5006 0.4994 0.2558 0.2448 0.2984 0.201
0.5013 0.4987 0.2463 0.255 0.2952 0.2035
0.4989 0.5011 0.2521 0.2468 0.2984 0.2027
0.5041 0.4959 0.2511 0.253 0.2951 0.2008
0.4983 0.5017 0.2557 0.2426 0.3047 0.197
0.4907 0.5093 0.243 0.2477 0.3036 0.2057
0.4982 0.5018 0.2467 0.2515 0.3 0.2018
0.4978 0.5022 0.2468 0.251 0.3019 0.2003
0.5019 0.4981 0.248 0.2539 0.2982 0.1999
0.5051 0.4949 0.2535 0.2516 0.2994 0.1955
0.5014 0.4986 0.2444 0.257 0.3029 0.1957
0.4896 0.5104 0.242 0.2476 0.3113 0.1991
0.5052 0.4948 0.2554 0.2498 0.2964 0.1984
0.499 0.501 0.2476 0.2514 0.298 0.203
0.4984 0.5016 0.2485 0.2499 0.3003 0.2013
0.4966 0.5034 0.244 0.2526 0.3038 0.1996
0.5015 0.4985 0.2475 0.254 0.2974 0.2011
0.5018 0.4982 0.2536 0.2482 0.301 0.1972
0.5058 0.4942 0.2504 0.2554 0.299 0.1952
0.4967 0.5033 0.2497 0.247 0.3001 0.2032
0.4984 0.5016 0.2484 0.25 0.3032 0.1984
0.498 0.502 0.2491 0.2489 0.3027 0.1993
0.5068 0.4932 0.2546 0.2522 0.2962 0.197
0.5065 0.4935 0.253 0.2535 0.2924 0.2011
0.5083 0.4917 0.2535 0.2548 0.2956 0.1961
0.4991 0.5009 0.2476 0.2515 0.3016 0.1993
0.5062 0.4938 0.2503 0.2559 0.2915 0.2023
0.4964 0.5036 0.2532 0.2432 0.2977 0.2059
0.5002 0.4998 0.254 0.2462 0.2946 0.2052
0.4993 0.5007 0.2512 0.2481 0.2991 0.2016
0.5034 0.4966 0.2544 0.249 0.2968 0.1998
0.5062 0.4938 0.2555 0.2507 0.2978 0.196
0.5034 0.4966 0.2485 0.2549 0.301 0.1956
0.4988 0.5012 0.2499 0.2489 0.2993 0.2019
0.5043 0.4957 0.2548 0.2495 0.2945 0.2012
0.5092 0.4908 0.2529 0.2563 0.2961 0.1947
0.5033 0.4967 0.2542 0.2491 0.3002 0.1965
0.4993 0.5007 0.2504 0.2489 0.3008 0.1999
0.5001 0.4999 0.2485 0.2516 0.3043 0.1956
0.4905 0.5095 0.2417 0.2488 0.3101 0.1994
0.5055 0.4945 0.2514 0.2541 0.2996 0.1949
0.4905 0.5095 0.2464 0.2441 0.3076 0.2019
0.5026 0.4974 0.2425 0.2601 0.2965 0.2009
0.4895 0.5105 0.2465 0.243 0.3029 0.2076
0.4953 0.5047 0.2438 0.2515 0.3094 0.1953
0.5044 0.4956 0.2451 0.2593 0.2956 0.2
0.4974 0.5026 0.254 0.2434 0.3034 0.1992
0.4995 0.5005 0.2498 0.2497 0.3001 0.2004
0.4977 0.5023 0.2562 0.2415 0.3006 0.2017
0.5044 0.4956 0.2546 0.2498 0.2966 0.199
0.4982 0.5018 0.2527 0.2455 0.3007 0.2011
0.5014 0.4986 0.2516 0.2498 0.3024 0.1962
0.5047 0.4953 0.2497 0.255 0.2946 0.2007
0.5009 0.4991 0.2549 0.246 0.3059 0.1932
0.5052 0.4948 0.253 0.2522 0.2961 0.1987
0.5026 0.4974 0.2533 0.2493 0.2976 0.1998
0.5014 0.4986 0.2487 0.2527 0.2993 0.1993
0.4991 0.5009 0.2512 0.2479 0.3008 0.2001
0.4943 0.5057 0.2526 0.2417 0.3017 0.204
0.495 0.505 0.2458 0.2492 0.2963 0.2087
0.4972 0.5028 0.2425 0.2547 0.3032 0.1996
0.4942 0.5058 0.2401 0.2541 0.3005 0.2053
0.4972 0.5028 0.2526 0.2446 0.2992 0.2036
0.493 0.507 0.2374 0.2556 0.3094 0.1976
0.5061 0.4939 0.2544 0.2517 0.2944 0.1995
0.4964 0.5036 0.2526 0.2438 0.2975 0.2061
0.5003 0.4997 0.2583 0.242 0.3008 0.1989
0.5053 0.4947 0.2494 0.2559 0.2953 0.1994
0.5009 0.4991 0.2453 0.2556 0.3006 0.1985
0.4947 0.5053 0.2469 0.2478 0.3034 0.2019
0.4976 0.5024 0.2494 0.2482 0.2973 0.2051
0.4909 0.5091 0.2454 0.2455 0.3068 0.2023
0.4971 0.5029 0.2507 0.2464 0.2984 0.2045
0.4969 0.5031 0.2482 0.2487 0.3058 0.1973
0.4999 0.5001 0.2457 0.2542 0.3019 0.1982
0.5036 0.4964 0.2564 0.2472 0.2964 0.2
0.504 0.496 0.2464 0.2576 0.2982 0.1978
0.4994 0.5006 0.2436 0.2558 0.2947 0.2059
0.4944 0.5056 0.2447 0.2497 0.3017 0.2039
0.5077 0.4923 0.257 0.2507 0.2922 0.2001
0.4874 0.5126 0.2391 0.2483 0.2972 0.2154
0.5058 0.4942 0.2457 0.2601 0.2953 0.1989
0.5039 0.4961 0.2433 0.2606 0.3021 0.194
0.499 0.501 0.2514 0.2476 0.3013 0.1997
0.4997 0.5003 0.2511 0.2486 0.2997 0.2006
0.5077 0.4923 0.2526 0.2551 0.293 0.1993
0.4958 0.5042 0.2502 0.2456 0.3059 0.1983
0.5012 0.4988 0.2512 0.25 0.2956 0.2032
0.4997 0.5003 0.2447 0.255 0.3029 0.1974
0.5005 0.4995 0.2495 0.251 0.2982 0.2013
0.4955 0.5045 0.2476 0.2479 0.296 0.2085
0.5006 0.4994 0.2478 0.2528 0.306 0.1934
0.4973 0.5027 0.2518 0.2455 0.3002 0.2025
0.4956 0.5044 0.2508 0.2448 0.3045 0.1999
0.508 0.492 0.2561 0.2519 0.2926 0.1994
0.5038 0.4962 0.2498 0.254 0.299 0.1972
0.5038 0.4962 0.2514 0.2524 0.2978 0.1984
0.4983 0.5017 0.2497 0.2486 0.2949 0.2068
0.499 0.501 0.2511 0.2479 0.3032 0.1978
0.5017 0.4983 0.253 0.2487 0.2992 0.1991
0.502 0.498 0.2478 0.2542 0.3024 0.1956
0.4955 0.5045 0.2533 0.2422 0.3011 0.2034
0.4942 0.5058 0.2439 0.2503 0.3019 0.2039
0.4976 0.5024 0.2494 0.2482 0.3013 0.2011
0.5055 0.4945 0.2498 0.2557 0.2953 0.1992
0.5008 0.4992 0.2514 0.2494 0.3017 0.1975
0.4992 0.5008 0.2538 0.2454 0.2993 0.2015
0.5015 0.4985 0.2548 0.2467 0.2972 0.2013
0.4981 0.5019 0.2483 0.2498 0.3043 0.1976
0.4988 0.5012 0.2494 0.2494 0.3024 0.1988
0.4945 0.5055 0.2507 0.2438 0.2963 0.2092
0.501 0.499 0.2513 0.2497 0.3 0.199
0.501 0.499 0.2527 0.2483 0.2976 0.2014
0.5035 0.4965 0.2495 0.254 0.2994 0.1971
0.5065 0.4935 0.2595 0.247 0.2913 0.2022
0.5023 0.4977 0.2577 0.2446 0.3018 0.1959
0.4907 0.5093 0.2468 0.2439 0.2983 0.211
0.5074 0.4926 0.2564 0.251 0.2915 0.2011
0.502 0.498 0.2456 0.2564 0.2993 0.1987
0.4932 0.5068 0.2472 0.246 0.3051 0.2017
0.5039 0.4961 0.25 0.2539 0.2985 0.1976
0.4984 0.5016 0.2507 0.2477 0.302 0.1996
0.5009 0.4991 0.2473 0.2536 0.2968 0.2023
0.4991 0.5009 0.2519 0.2472 0.3031 0.1978
0.4992 0.5008 0.2492 0.25 0.3014 0.1994
0.5044 0.4956 0.2552 0.2492 0.2893 0.2063
0.5087 0.4913 0.2525 0.2562 0.2863 0.205
0.494 0.506 0.2478 0.2462 0.3016 0.2044
0.5073 0.4927 0.2508 0.2565 0.2877 0.205
0.5106 0.4894 0.2653 0.2453 0.2926 0.1968
0.5017 0.4983 0.2547 0.247 0.3021 0.1962
0.4909 0.5091 0.2413 0.2496 0.2996 0.2095
0.498 0.502 0.2545 0.2435 0.2999 0.2021
0.508 0.492 0.2566 0.2514 0.2955 0.1965
0.4965 0.5035 0.2482 0.2483 0.3037 0.1998
0.5054 0.4946 0.2494 0.256 0.2984 0.1962
0.4917 0.5083 0.2455 0.2462 0.3016 0.2067
0.5029 0.4971 0.2559 0.247 0.2949 0.2022
0.5004 0.4996 0.2555 0.2449 0.3027 0.1969
0.5003 0.4997 0.2585 0.2418 0.2989 0.2008
0.5018 0.4982 0.2551 0.2467 0.2961 0.2021
0.4989 0.5011 0.2562 0.2427 0.2992 0.2019
0.4997 0.5003 0.2493 0.2504 0.3065 0.1938
0.5096 0.4904 0.2582 0.2514 0.2876 0.2028
0.4945 0.5055 0.25 0.2445 0.3064 0.1991
0.4975 0.5025 0.2474 0.2501 0.3031 0.1994
0.4965 0.5035 0.2498 0.2467 0.3042 0.1993
0.5029 0.4971 0.2445 0.2584 0.3045 0.1926
0.5059 0.4941 0.2491 0.2568 0.2905 0.2036
0.5083 0.4917 0.2508 0.2575 0.3006 0.1911
0.5032 0.4968 0.2484 0.2548 0.291 0.2058
0.4972 0.5028 0.2484 0.2488 0.2978 0.205
0.4966 0.5034 0.2486 0.248 0.2973 0.2061
0.4993 0.5007 0.2458 0.2535 0.3091 0.1916
0.5088 0.4912 0.2572 0.2516 0.2952 0.196
0.4984 0.5016 0.249 0.2494 0.2999 0.2017
0.4933 0.5067 0.2503 0.243 0.2939 0.2128
0.4949 0.5051 0.2439 0.251 0.3086 0.1965
0.5051 0.4949 0.2523 0.2528 0.2962 0.1987
0.5055 0.4945 0.255 0.2505 0.2965 0.198
0.5093 0.4907 0.2557 0.2536 0.2938 0.1969
0.5089 0.4911 0.2565 0.2524 0.2905 0.2006
0.5039 0.4961 0.2596 0.2443 0.2951 0.201
0.5053 0.4947 0.2486 0.2567 0.2967 0.198
0.4999 0.5001 0.2465 0.2534 0.3055 0.1946
0.5003 0.4997 0.2551 0.2452 0.2979 0.2018
0.4978 0.5022 0.2477 0.2501 0.2955 0.2067
0.4915 0.5085 0.2475 0.244 0.3056 0.2029
0.4993 0.5007 0.2494 0.2499 0.3045 0.1962
0.4985 0.5015 0.2474 0.2511 0.3006 0.2009
0.4994 0.5006 0.2521 0.2473 0.2972 0.2034
0.4941 0.5059 0.2487 0.2454 0.2996 0.2063
0.4965 0.5035 0.2522 0.2443 0.3007 0.2028
0.5024 0.4976 0.2531 0.2493 0.2931 0.2045
0.4969 0.5031 0.2468 0.2501 0.2985 0.2046
0.5026 0.4974 0.2516 0.251 0.3004 0.197
0.4959 0.5041 0.2479 0.248 0.3035 0.2006
0.4998 0.5002 0.2525 0.2473 0.3007 0.1995
0.5074 0.4926 0.2539 0.2535 0.2997 0.1929
0.5 0.5 0.2514 0.2486 0.3034 0.1966
0.4992 0.5008 0.2538 0.2454 0.2992 0.2016
0.4934 0.5066 0.2472 0.2462 0.3083 0.1983
0.501 0.499 0.2511 0.2499 0.3023 0.1967
0.4974 0.5026 0.2525 0.2449 0.2989 0.2037
0.4969 0.5031 0.2479 0.249 0.3004 0.2027
0.4982 0.5018 0.2525 0.2457 0.3019 0.1999
0.5044 0.4956 0.2516 0.2528 0.2992 0.1964
0.4949 0.5051 0.2494 0.2455 0.3032 0.2019
0.5092 0.4908 0.2551 0.2541 0.299 0.1918
0.5066 0.4934 0.2557 0.2509 0.2963 0.1971
0.5002 0.4998 0.2529 0.2473 0.2983 0.2015
0.5078 0.4922 0.255 0.2528 0.2981 0.1941
0.4979 0.5021 0.2457 0.2522 0.3033 0.1988
0.508 0.492 0.2573 0.2507 0.2923 0.1997
0.5102 0.4898 0.2621 0.2481 0.2928 0.197
0.4988 0.5012 0.2514 0.2474 0.3015 0.1997
0.5055 0.4945 0.2529 0.2526 0.3018 0.1927
0.4974 0.5026 0.2491 0.2483 0.3054 0.1972
0.5009 0.4991 0.2502 0.2507 0.2951 0.204
0.497 0.503 0.248 0.249 0.3033 0.1997
0.4947 0.5053 0.248 0.2467 0.3022 0.2031
0.501 0.499 0.2528 0.2482 0.3001 0.1989
0.5024 0.4976 0.249 0.2534 0.293 0.2046
0.5043 0.4957 0.2481 0.2562 0.2964 0.1993
0.5096 0.4904 0.2582 0.2514 0.2933 0.1971
0.4985 0.5015 0.2516 0.2469 0.3051 0.1964
0.5079 0.4921 0.2564 0.2515 0.2948 0.1973
0.4985 0.5015 0.2488 0.2497 0.3013 0.2002
0.51 0.49 0.2535 0.2565 0.293 0.197
0.4932 0.5068 0.2497 0.2435 0.3076 0.1992
0.502 0.498 0.2508 0.2512 0.3044 0.1936
0.4987 0.5013 0.2503 0.2484 0.3006 0.2007
0.5052 0.4948 0.2536 0.2516 0.3015 0.1933
0.4945 0.5055 0.2462 0.2483 0.2989 0.2066
0.494 0.506 0.2431 0.2509 0.3042 0.2018
0.4975 0.5025 0.2462 0.2513 0.3033 0.1992
0.4908 0.5092 0.2502 0.2406 0.3067 0.2025
0.4927 0.5073 0.2538 0.2389 0.3084 0.1989
0.5057 0.4943 0.2535 0.2522 0.294 0.2003
0.4977 0.5023 0.2497 0.248 0.3013 0.201
0.5085 0.4915 0.2491 0.2594 0.2856 0.2059
0.4985 0.5015 0.2462 0.2523 0.3089 0.1926
0.4999 0.5001 0.2471 0.2528 0.2993 0.2008
0.5005 0.4995 0.2477 0.2528 0.3013 0.1982
0.4979 0.5021 0.2468 0.2511 0.3025 0.1996
0.5033 0.4967 0.2546 0.2487 0.299 0.1977
0.4994 0.5006 0.2524 0.247 0.2963 0.2043
0.4933 0.5067 0.246 0.2473 0.3046 0.2021
0.4936 0.5064 0.2492 0.2444 0.3039 0.2025
0.5014 0.4986 0.2471 0.2543 0.297 0.2016
0.5076 0.4924 0.2571 0.2505 0.3007 0.1917
0.4967 0.5033 0.2518 0.2449 0.3019 0.2014
0.5081 0.4919 0.2528 0.2553 0.2953 0.1966
0.5015 0.4985 0.2509 0.2506 0.2979 0.2006
0.5099 0.4901 0.2565 0.2534 0.2884 0.2017
0.5084 0.4916 0.257 0.2514 0.2962 0.1954
0.4969 0.5031 0.2473 0.2496 0.3045 0.1986
0.5081 0.4919 0.2568 0.2513 0.2924 0.1995
0.4974 0.5026 0.2401 0.2573 0.2999 0.2027
0.5009 0.4991 0.2457 0.2552 0.2961 0.203
0.4987 0.5013 0.2476 0.2511 0.2987 0.2026
0.5053 0.4947 0.2518 0.2535 0.2972 0.1975
0.5027 0.4973 0.2539 0.2488 0.2992 0.1981
0.5001 0.4999 0.2466 0.2535 0.3017 0.1982
0.5005 0.4995 0.2495 0.251 0.3051 0.1944
0.5046 0.4954 0.257 0.2476 0.2969 0.1985
0.5082 0.4918 0.2569 0.2513 0.2946 0.1972
0.5045 0.4955 0.2592 0.2453 0.2966 0.1989
0.5063 0.4937 0.2442 0.2621 0.2952 0.1985
0.5063 0.4937 0.2564 0.2499 0.2975 0.1962
0.5012 0.4988 0.2501 0.2511 0.3054 0.1934
0.493 0.507 0.2454 0.2476 0.3103 0.1967
0.4901 0.5099 0.2426 0.2475 0.31 0.1999
0.5018 0.4982 0.2504 0.2514 0.296 0.2022
0.4991 0.5009 0.2471 0.252 0.2976 0.2033
0.5021 0.4979 0.2525 0.2496 0.303 0.1949
0.4998 0.5002 0.2513 0.2485 0.2987 0.2015
0.5078 0.4922 0.2615 0.2463 0.3064 0.1858
0.4904 0.5096 0.2424 0.248 0.3096 0.2
0.4899 0.5101 0.2453 0.2446 0.3083 0.2018
0.5023 0.4977 0.242 0.2603 0.294 0.2037
0.5093 0.4907 0.2503 0.259 0.292 0.1987
0.506 0.494 0.2438 0.2622 0.2916 0.2024
0.4972 0.5028 0.2436 0.2536 0.3045 0.1983
0.4976 0.5024 0.2487 0.2489 0.3051 0.1973
0.497 0.503 0.2433 0.2537 0.2997 0.2033
0.5056 0.4944 0.2538 0.2518 0.2986 0.1958
0.5028 0.4972 0.2444 0.2584 0.3035 0.1937
0.5039 0.4961 0.2566 0.2473 0.2908 0.2053
0.4901 0.5099 0.2504 0.2397 0.2954 0.2145
0.4916 0.5084 0.244 0.2476 0.3117 0.1967
0.5048 0.4952 0.2513 0.2535 0.3026 0.1926
0.5008 0.4992 0.2425 0.2583 0.3016 0.1976
0.4956 0.5044 0.2515 0.2441 0.302 0.2024
0.4945 0.5055 0.2508 0.2437 0.3034 0.2021
0.5029 0.4971 0.2495 0.2534 0.2999 0.1972
0.4994 0.5006 0.2477 0.2517 0.3 0.2006
0.4993 0.5007 0.247 0.2523 0.2963 0.2044
0.497 0.503 0.2492 0.2478 0.3008 0.2022
0.4951 0.5049 0.2379 0.2572 0.3035 0.2014
0.5026 0.4974 0.2535 0.2491 0.3014 0.196
0.4952 0.5048 0.2431 0.2521 0.2996 0.2052
0.5006 0.4994 0.2493 0.2513 0.2999 0.1995
0.4892 0.5108 0.2415 0.2477 0.303 0.2078
0.4991 0.5009 0.2489 0.2502 0.2981 0.2028
0.4989 0.5011 0.2487 0.2502 0.2976 0.2035
0.5039 0.4961 0.2463 0.2576 0.299 0.1971
0.5039 0.4961 0.248 0.2559 0.2976 0.1985
0.4969 0.5031 0.2465 0.2504 0.3009 0.2022
0.4966 0.5034 0.2415 0.2551 0.2983 0.2051
0.4923 0.5077 0.2473 0.245 0.3044 0.2033
0.5059 0.4941 0.2552 0.2507 0.306 0.1881
0.4974 0.5026 0.2479 0.2495 0.2942 0.2084
0.4889 0.5111 0.2432 0.2457 0.2983 0.2128
0.5095 0.4905 0.2527 0.2568 0.2887 0.2018
0.4996 0.5004 0.2484 0.2512 0.2914 0.209
0.508 0.492 0.2555 0.2525 0.2928 0.1992
0.5071 0.4929 0.2575 0.2496 0.2965 0.1964
0.4997 0.5003 0.2464 0.2533 0.3016 0.1987
0.4969 0.5031 0.247 0.2499 0.3023 0.2008
0.4925 0.5075 0.2426 0.2499 0.2973 0.2102
0.4978 0.5022 0.2468 0.251 0.2988 0.2034
0.4922 0.5078 0.2522 0.24 0.3034 0.2044
0.4997 0.5003 0.251 0.2487 0.2964 0.2039
0.4956 0.5044 0.2508 0.2448 0.3031 0.2013
0.5008 0.4992 0.2535 0.2473 0.2979 0.2013
0.5082 0.4918 0.2575 0.2507 0.2995 0.1923
0.4956 0.5044 0.2499 0.2457 0.2972 0.2072
0.4995 0.5005 0.2381 0.2614 0.3021 0.1984
0.495 0.505 0.2451 0.2499 0.3029 0.2021
0.5032 0.4968 0.2487 0.2545 0.2946 0.2022
0.5049 0.4951 0.2477 0.2572 0.3025 0.1926
0.5087 0.4913 0.2557 0.253 0.2932 0.1981
0.5043 0.4957 0.2484 0.2559 0.2989 0.1968
0.5002 0.4998 0.2506 0.2496 0.2974 0.2024
0.4889 0.5111 0.2425 0.2464 0.3035 0.2076
0.4997 0.5003 0.2497 0.25 0.292 0.2083
0.5025 0.4975 0.2539 0.2486 0.3022 0.1953
0.4931 0.5069 0.2499 0.2432 0.3017 0.2052
0.5053 0.4947 0.2515 0.2538 0.2895 0.2052
0.5002 0.4998 0.2483 0.2519 0.299 0.2008
0.4964 0.5036 0.2505 0.2459 0.2997 0.2039
0.5055 0.4945 0.2552 0.2503 0.2984 0.1961
0.5144 0.4856 0.2557 0.2587 0.2891 0.1965
0.4996 0.5004 0.2489 0.2507 0.2976 0.2028
0.4944 0.5056 0.2505 0.2439 0.3066 0.199
0.5034 0.4966 0.2518 0.2516 0.2968 0.1998
0.501 0.499 0.2542 0.2468 0.3024 0.1966
0.499 0.501 0.2528 0.2462 0.3062 0.1948
0.495 0.505 0.2484 0.2466 0.3025 0.2025
0.4952 0.5048 0.2497 0.2455 0.3032 0.2016
0.4963 0.5037 0.2472 0.2491 0.2977 0.206
0.4984 0.5016 0.2524 0.246 0.3019 0.1997
0.508 0.492 0.252 0.256 0.2942 0.1978
0.5095 0.4905 0.2558 0.2537 0.2998 0.1907
0.4963 0.5037 0.2504 0.2459 0.3046 0.1991
0.5045 0.4955 0.2568 0.2477 0.2948 0.2007
0.5019 0.4981 0.25 0.2519 0.2989 0.1992
0.4965 0.5035 0.2483 0.2482 0.2991 0.2044
0.501 0.499 0.2552 0.2458 0.3038 0.1952
0.5023 0.4977 0.2494 0.2529 0.3063 0.1914
0.4904 0.5096 0.2512 0.2392 0.303 0.2066
0.498 0.502 0.2517 0.2463 0.3064 0.1956
0.5012 0.4988 0.2459 0.2553 0.3061 0.1927
0.5075 0.4925 0.2524 0.2551 0.2948 0.1977
0.5026 0.4974 0.2435 0.2591 0.2994 0.198
0.501 0.499 0.2494 0.2516 0.3019 0.1971
0.4971 0.5029 0.2465 0.2506 0.3037 0.1992
0.4963 0.5037 0.2525 0.2438 0.3055 0.1982
0.5027 0.4973 0.2514 0.2513 0.2975 0.1998
0.499 0.501 0.2481 0.2509 0.2997 0.2013
0.4939 0.5061 0.2444 0.2495 0.3043 0.2018
0.5035 0.4965 0.2464 0.2571 0.2964 0.2001
0.5031 0.4969 0.2519 0.2512 0.2948 0.2021
0.4981 0.5019 0.2463 0.2518 0.3052 0.1967
0.5059 0.4941 0.2495 0.2564 0.2918 0.2023
0.5004 0.4996 0.2502 0.2502 0.2994 0.2002
0.4975 0.5025 0.2419 0.2556 0.3058 0.1967
0.4992 0.5008 0.2503 0.2489 0.2971 0.2037
0.4915 0.5085 0.2407 0.2508 0.3073 0.2012
0.4968 0.5032 0.2465 0.2503 0.2929 0.2103
0.5003 0.4997 0.2507 0.2496 0.3003 0.1994
0.4924 0.5076 0.248 0.2444 0.3068 0.2008
0.4982 0.5018 0.2501 0.2481 0.2937 0.2081
0.5001 0.4999 0.2513 0.2488 0.3048 0.1951
0.503 0.497 0.2508 0.2522 0.3018 0.1952
0.5059 0.4941 0.242 0.2639 0.2983 0.1958
0.5052 0.4948 0.2503 0.2549 0.3004 0.1944
0.5 0.5 0.2499 0.2501 0.2997 0.2003
0.4927 0.5073 0.2429 0.2498 0.3016 0.2057
0.5112 0.4888 0.2497 0.2615 0.288 0.2008
0.4899 0.5101 0.2478 0.2421 0.3142 0.1959
0.4976 0.5024 0.2449 0.2527 0.3029 0.1995
0.5001 0.4999 0.254 0.2461 0.3005 0.1994
0.4926 0.5074 0.2451 0.2475 0.308 0.1994
0.5035 0.4965 0.2524 0.2511 0.3012 0.1953
0.5029 0.4971 0.2517 0.2512 0.295 0.2021
0.5034 0.4966 0.2559 0.2475 0.29 0.2066
0.4899 0.5101 0.2429 0.247 0.3081 0.202
0.4977 0.5023 0.2474 0.2503 0.2994 0.2029
0.499 0.501 0.2493 0.2497 0.3001 0.2009
0.4965 0.5035 0.2533 0.2432 0.3001 0.2034
0.4988 0.5012 0.2502 0.2486 0.3043 0.1969
0.4997 0.5003 0.2456 0.2541 0.2993 0.201
0.5025 0.4975 0.252 0.2505 0.2983 0.1992
0.4977 0.5023 0.2458 0.2519 0.2996 0.2027
0.5052 0.4948 0.2559 0.2493 0.3007 0.1941
0.5078 0.4922 0.2586 0.2492 0.2912 0.201
0.4996 0.5004 0.2464 0.2532 0.2982 0.2022
0.5043 0.4957 0.2471 0.2572 0.2943 0.2014
0.4972 0.5028 0.2527 0.2445 0.3006 0.2022
0.4956 0.5044 0.245 0.2506 0.2983 0.2061
0.5089 0.4911 0.259 0.2499 0.2916 0.1995
0.4997 0.5003 0.2471 0.2526 0.3026 0.1977
0.5033 0.4967 0.2502 0.2531 0.3015 0.1952
0.5061 0.4939 0.249 0.2571 0.291 0.2029
0.5022 0.4978 0.2515 0.2507 0.2943 0.2035
0.4954 0.5046 0.2505 0.2449 0.303 0.2016
0.4961 0.5039 0.2476 0.2485 0.3 0.2039
0.501 0.499 0.2449 0.2561 0.2955 0.2035
0.499 0.501 0.2472 0.2518 0.3033 0.1977
0.4988 0.5012 0.2492 0.2496 0.299 0.2022
0.5056 0.4944 0.2467 0.2589 0.2944 0.2
0.5001 0.4999 0.2489 0.2512 0.2981 0.2018
0.4959 0.5041 0.2433 0.2526 0.3044 0.1997
0.498 0.502 0.2477 0.2503 0.303 0.199
0.5015 0.4985 0.2515 0.25 0.295 0.2035
0.495 0.505 0.25 0.245 0.3042 0.2008
0.4944 0.5056 0.2423 0.2521 0.3138 0.1918
0.499 0.501 0.2491 0.2499 0.2941 0.2069
0.4966 0.5034 0.246 0.2506 0.3038 0.1996
0.499 0.501 0.2455 0.2535 0.295 0.206
0.4953 0.5047 0.2475 0.2478 0.3074 0.1973
0.5009 0.4991 0.2522 0.2487 0.3016 0.1975
0.51 0.49 0.2498 0.2602 0.296 0.194
0.4955 0.5045 0.242 0.2535 0.3062 0.1983
0.4986 0.5014 0.2452 0.2534 0.3055 0.1959
0.495 0.505 0.2506 0.2444 0.2972 0.2078
0.5047 0.4953 0.2559 0.2488 0.2975 0.1978
0.4998 0.5002 0.2442 0.2556 0.2981 0.2021
0.5085 0.4915 0.2572 0.2513 0.2867 0.2048
0.4919 0.5081 0.2468 0.2451 0.3064 0.2017
0.501 0.499 0.2506 0.2504 0.2891 0.2099
0.4982 0.5018 0.2523 0.2459 0.3026 0.1992
0.4971 0.5029 0.2506 0.2465 0.2979 0.205
0.5081 0.4919 0.2554 0.2527 0.2935 0.1984
0.493 0.507 0.2506 0.2424 0.3004 0.2066
0.5017 0.4983 0.2562 0.2455 0.2969 0.2014
0.5125 0.4875 0.2573 0.2552 0.2918 0.1957
0.5101 0.4899 0.2568 0.2533 0.296 0.1939
0.4928 0.5072 0.2496 0.2432 0.3032 0.204
0.4976 0.5024 0.2516 0.246 0.3074 0.195
0.498 0.502 0.2492 0.2488 0.2994 0.2026
0.5068 0.4932 0.2584 0.2484 0.2973 0.1959
0.4978 0.5022 0.2472 0.2506 0.3118 0.1904
0.4938 0.5062 0.2456 0.2482 0.3038 0.2024
0.4978 0.5022 0.2507 0.2471 0.2994 0.2028
0.5044 0.4956 0.2597 0.2447 0.2915 0.2041
0.4977 0.5023 0.2466 0.2511 0.3033 0.199
0.4989 0.5011 0.246 0.2529 0.303 0.1981
0.5047 0.4953 0.2481 0.2566 0.2964 0.1989
0.5076 0.4924 0.2548 0.2528 0.2966 0.1958
0.496 0.504 0.2517 0.2443 0.3041 0.1999
0.5002 0.4998 0.2523 0.2479 0.2982 0.2016
0.4996 0.5004 0.2567 0.2429 0.3018 0.1986
0.5018 0.4982 0.2556 0.2462 0.3023 0.1959
0.5064 0.4936 0.2535 0.2529 0.2951 0.1985
0.507 0.493 0.2503 0.2567 0.2904 0.2026
0.4999 0.5001 0.2478 0.2521 0.2976 0.2025
0.5015 0.4985 0.2523 0.2492 0.2969 0.2016
0.4994 0.5006 0.2457 0.2537 0.2967 0.2039
0.5058 0.4942 0.2487 0.2571 0.2968 0.1974
0.4994 0.5006 0.2485 0.2509 0.3052 0.1954
0.5056 0.4944 0.2531 0.2525 0.2983 0.1961
0.4964 0.5036 0.2439 0.2525 0.3044 0.1992
0.4964 0.5036 0.2461 0.2503 0.3022 0.2014
0.4885 0.5115 0.2415 0.247 0.3086 0.2029
0.5009 0.4991 0.2531 0.2478 0.3024 0.1967
0.4993 0.5007 0.2463 0.253 0.3021 0.1986
0.5032 0.4968 0.2549 0.2483 0.2952 0.2016
0.5012 0.4988 0.2481 0.2531 0.2938 0.205
0.5003 0.4997 0.2494 0.2509 0.3006 0.1991
0.5099 0.4901 0.247 0.2629 0.2927 0.1974
0.4991 0.5009 0.2454 0.2537 0.3049 0.196
0.5022 0.4978 0.2516 0.2506 0.2984 0.1994
0.5055 0.4945 0.2516 0.2539 0.2935 0.201
0.5006 0.4994 0.2498 0.2508 0.2994 0.2
0.4975 0.5025 0.2473 0.2502 0.3033 0.1992
0.4945 0.5055 0.2481 0.2464 0.3086 0.1969
0.4958 0.5042 0.2445 0.2513 0.3054 0.1988
0.5148 0.4852 0.2581 0.2567 0.2897 0.1955
0.499 0.501 0.2524 0.2466 0.3006 0.2004
0.4966 0.5034 0.2456 0.251 0.2986 0.2048
0.4967 0.5033 0.2462 0.2505 0.3058 0.1975
0.5038 0.4962 0.2519 0.2519 0.2986 0.1976
0.5036 0.4964 0.2482 0.2554 0.2962 0.2002
0.4897 0.5103 0.2516 0.2381 0.3037 0.2066
0.5082 0.4918 0.2529 0.2553 0.2949 0.1969
0.5012 0.4988 0.2552 0.246 0.304 0.1948
0.501 0.499 0.2511 0.2499 0.303 0.196
0.4934 0.5066 0.2506 0.2428 0.302 0.2046
0.5047 0.4953 0.2544 0.2503 0.2973 0.198
0.4977 0.5023 0.2385 0.2592 0.2966 0.2057
0.5001 0.4999 0.2486 0.2515 0.3046 0.1953
0.5029 0.4971 0.2477 0.2552 0.2961 0.201
0.5003 0.4997 0.2443 0.256 0.2976 0.2021
0.4981 0.5019 0.2438 0.2543 0.2965 0.2054
0.497 0.503 0.2543 0.2427 0.3101 0.1929
0.5049 0.4951 0.2543 0.2506 0.296 0.1991
0.5058 0.4942 0.2589 0.2469 0.2992 0.195
0.4992 0.5008 0.247 0.2522 0.2954 0.2054
0.4938 0.5062 0.2488 0.245 0.3094 0.1968
0.5027 0.4973 0.2526 0.2501 0.2961 0.2012
0.489 0.511 0.2464 0.2426 0.3052 0.2058
0.4966 0.5034 0.2448 0.2518 0.3038 0.1996
0.4963 0.5037 0.251 0.2453 0.3028 0.2009
0.4923 0.5077 0.2463 0.246 0.3041 0.2036
0.4989 0.5011 0.2566 0.2423 0.3058 0.1953
0.5017 0.4983 0.2506 0.2511 0.2992 0.1991
0.4996 0.5004 0.246 0.2536 0.2988 0.2016
0.4971 0.5029 0.2524 0.2447 0.2983 0.2046
0.4975 0.5025 0.2458 0.2517 0.3049 0.1976
0.4984 0.5016 0.2479 0.2505 0.3084 0.1932
0.5016 0.4984 0.2503 0.2513 0.3027 0.1957
0.5058 0.4942 0.2475 0.2583 0.2987 0.1955
0.5033 0.4967 0.2508 0.2525 0.296 0.2007
0.5041 0.4959 0.2413 0.2628 0.2931 0.2028
0.498 0.502 0.2466 0.2514 0.3014 0.2006
0.5051 0.4949 0.2548 0.2503 0.2959 0.199
0.4956 0.5044 0.2473 0.2483 0.297 0.2074
0.501 0.499 0.2476 0.2534 0.2985 0.2005
0.5072 0.4928 0.2592 0.248 0.296 0.1968
0.4982 0.5018 0.2498 0.2484 0.3018 0.2
0.4998 0.5002 0.251 0.2488 0.2988 0.2014
0.4999 0.5001 0.2511 0.2488 0.2956 0.2045
0.5061 0.4939 0.2519 0.2542 0.2899 0.204
0.5048 0.4952 0.2529 0.2519 0.2985 0.1967
0.4973 0.5027 0.247 0.2503 0.3026 0.2001
0.495 0.505 0.2458 0.2492 0.3044 0.2006
0.5046 0.4954 0.2521 0.2525 0.2957 0.1997
0.5051 0.4949 0.2598 0.2453 0.2992 0.1957
